DATASET_MULTIBAR
SEPARATOR COMMA
DATASET_LABEL,Phylum_counts multibar
FIELD_COLORS,#4b89b4,#bfd0e8,#ffa556,#ffcfa0,#4ea04e,#addfa3,#d65b5c,#ffb6b5,#a080bd,#c9bbd5,#8c665e,#c4a8a2,#e397cb,#f7c9dd,#7f7f7f,#c7c7c7,#bcbd50,#dbdba4,#4ec3cf,#b3dde5,#bdbdbd
FIELD_LABELS,Pseudomonadota,Bacillota,Actinomycetota,Bacteroidota,Chloroflexota,Spirochaetota,Verrucomicrobiota,Acidobacteriota,Thermotogota,Planctomycetota,Mycoplasmatota,Lentisphaerota,Ignavibacteriota,Myxococcota,Fusobacteriota,Armatimonadota,Thermodesulfobacteriota,Atribacterota,Balneolota,Calditrichota,Other
#=================================================================#
DATA
node_11214,54,0,0,0,0,0,0,0,0,0,0,0,0,0,0,0,0,0,0,0,0
node_1126,7,0,0,0,0,0,0,0,0,0,0,0,0,0,0,0,0,0,0,0,0
node_11268,11,0,0,0,0,0,0,0,0,0,0,0,0,0,0,0,0,0,0,0,0
node_11278,8,0,0,0,0,0,0,0,0,0,0,0,0,0,0,0,0,0,0,0,0
node_11289,297,0,0,0,0,0,0,0,0,0,0,0,0,0,0,0,0,0,0,0,2
node_1134,10,4,0,0,2,1,0,0,0,1,0,0,0,0,0,0,0,0,0,0,0
node_1151,3,10,0,0,1,2,0,0,0,0,0,0,0,0,0,0,0,1,0,0,0
node_11587,565,0,0,0,0,0,0,0,0,0,0,0,0,0,0,0,0,0,0,0,0
node_1168,0,128,1,0,0,0,0,0,0,0,0,0,0,0,0,0,0,0,0,0,0
node_12152,117,0,0,0,1,0,0,0,0,0,0,0,0,0,0,0,0,0,0,0,1
node_12270,38,0,0,0,0,0,0,0,0,0,0,0,0,0,0,0,0,0,0,0,0
node_12309,176,0,0,0,0,0,0,0,0,0,0,0,0,0,0,0,0,0,0,0,0
node_12484,19,0,0,0,0,0,0,0,0,0,0,0,0,0,0,0,0,0,0,0,0
node_12504,3,0,0,0,0,0,0,0,0,0,0,0,0,0,0,0,0,0,0,0,1
node_12507,9,0,0,0,0,0,0,0,0,0,0,0,0,0,0,0,0,0,0,0,0
node_12515,6,0,0,0,0,0,0,0,0,0,0,0,0,0,0,0,0,0,0,0,0
node_12527,26,0,0,0,0,0,0,0,0,0,0,0,0,0,0,0,0,0,0,0,0
node_12552,13,0,0,0,0,0,0,0,0,0,0,0,0,0,0,0,0,0,0,0,0
node_12565,9,0,0,0,0,0,0,0,0,0,0,0,0,0,0,0,0,0,0,0,0
node_12573,21,0,0,0,0,0,0,0,0,0,0,0,0,0,0,0,0,0,0,0,0
node_12594,8,0,0,0,0,0,0,0,0,0,0,0,0,0,0,0,0,0,0,0,0
node_12601,5,0,0,0,0,0,0,0,0,0,0,0,0,0,0,0,0,0,0,0,0
node_12608,14,3,0,0,0,0,0,0,0,0,0,0,0,0,0,0,0,0,0,0,1
node_12625,9,1,0,0,0,0,0,0,0,0,0,0,0,0,0,0,0,0,0,0,0
node_12635,9,0,0,0,0,0,0,0,0,0,0,0,0,0,0,0,0,0,0,0,0
node_12643,2,0,0,0,0,0,0,0,0,0,0,0,0,0,0,0,0,0,0,0,0
node_12645,3,0,0,0,0,0,0,0,0,0,0,0,0,0,0,0,0,0,0,0,2
node_12649,13,0,0,0,0,0,0,0,0,0,0,0,0,0,0,0,0,0,0,0,0
node_12665,5,0,0,0,0,0,0,0,0,0,0,0,0,0,0,0,0,0,0,0,0
node_12670,62,0,0,0,0,0,0,0,0,0,0,0,0,0,0,0,0,0,0,0,0
node_12731,78,0,0,0,0,0,0,0,0,0,0,0,0,0,0,0,0,0,0,0,0
node_12809,272,0,0,0,0,0,0,0,0,0,0,0,0,0,0,0,0,0,0,0,0
node_1296,0,20,0,0,0,0,0,0,0,0,0,0,0,0,0,0,0,0,0,0,0
node_13080,28,0,0,0,0,0,0,0,0,0,0,0,0,0,0,0,0,0,0,0,0
node_13108,226,0,0,0,0,0,0,0,0,0,0,0,0,0,0,0,0,0,0,0,0
node_1320,3,1,4,0,0,0,0,0,0,0,0,0,0,0,0,0,0,0,0,0,0
node_1327,0,6,1,0,0,0,3,0,0,2,0,0,0,0,0,0,0,2,0,0,2
node_13333,3,0,0,0,0,0,0,0,0,0,0,0,0,0,0,0,0,0,0,0,0
node_13339,21,0,0,0,0,0,0,0,0,0,0,0,0,0,0,0,0,0,0,0,3
node_13362,442,0,0,0,0,0,0,0,0,0,0,0,0,0,0,0,0,0,0,0,0
node_1343,0,0,0,0,1,0,0,0,0,0,0,0,0,0,0,0,0,0,0,0,1
node_1344,0,2,0,0,0,0,0,0,0,0,0,0,0,0,0,0,0,0,0,0,0
node_1346,0,0,16,0,0,0,0,0,0,0,0,0,0,0,0,0,0,0,0,0,0
node_1361,0,0,6,0,0,0,0,0,0,0,0,0,0,0,0,0,0,0,0,0,0
node_1370,0,3,0,0,0,0,0,0,0,0,0,0,0,0,0,0,0,0,0,0,0
node_1372,0,10,0,0,0,0,0,0,0,0,0,0,0,0,0,0,0,0,0,0,0
node_13803,2,0,0,0,0,0,0,0,0,0,0,0,0,0,0,0,0,0,0,0,0
node_13804,0,0,1,0,0,0,1,0,0,0,0,0,0,0,0,0,0,0,0,0,0
node_13806,0,0,3,0,0,0,0,0,0,0,0,0,0,0,0,0,0,0,0,0,0
node_1381,0,8,0,0,0,0,0,0,0,0,0,1,0,0,0,0,0,0,0,0,1
node_13813,722,0,1,0,0,0,0,0,0,0,0,0,0,0,0,0,0,0,0,0,3
node_1390,2,1,0,0,0,0,0,0,0,0,0,0,0,0,0,0,0,0,0,0,0
node_1394,2,5,0,1,0,2,0,0,0,8,0,4,0,0,0,0,0,0,0,0,1
node_1416,19,1,0,0,0,1,0,0,0,0,0,0,0,0,0,0,0,0,0,0,0
node_1436,0,4,1,0,0,0,0,0,0,0,0,0,0,0,0,0,0,0,0,0,0
node_1442,0,0,0,6,0,0,0,0,0,0,0,0,0,0,0,0,0,0,0,0,0
node_1447,0,5,0,0,0,0,0,0,0,0,0,0,0,0,0,0,0,0,0,0,0
node_1451,0,0,17,0,0,0,0,0,0,0,0,0,0,0,0,0,0,0,0,0,0
node_14538,41,0,0,0,0,0,0,0,0,0,0,0,0,0,0,0,0,0,0,0,0
node_14579,5,0,0,0,0,0,0,0,0,0,0,0,0,0,0,0,0,0,0,0,0
node_14583,10,0,0,0,0,0,0,0,0,0,0,0,0,0,0,0,0,0,0,0,0
node_14596,76,0,0,0,0,0,0,0,0,0,0,0,0,0,0,0,0,0,0,0,0
node_146,12,0,0,0,0,0,0,0,0,0,0,0,0,0,0,0,0,0,0,0,0
node_14671,1,2,0,0,0,0,0,0,0,0,0,0,0,0,0,0,0,0,0,0,0
node_14673,22,0,0,0,0,0,0,0,0,0,0,0,0,0,0,0,0,0,0,0,1
node_14698,303,0,0,0,0,0,0,0,0,0,0,0,0,0,0,0,0,0,0,0,0
node_1473,0,2,1,0,1,1,0,0,0,0,0,0,0,0,0,0,0,0,0,0,1
node_1478,2,0,0,0,1,0,0,0,0,0,0,0,0,0,0,0,0,0,0,0,0
node_1480,10,0,56,0,10,0,0,2,0,1,0,0,0,0,0,0,0,0,0,0,3
node_15,1,0,4,1,0,2,4,0,1,1,0,23,0,2,0,0,0,0,0,0,3
node_15000,129,0,0,0,0,0,0,0,0,0,0,0,0,0,0,0,0,0,0,0,0
node_15128,21,0,0,0,0,0,0,0,0,0,0,0,0,0,0,0,0,0,0,0,0
node_15149,300,0,0,0,0,0,0,0,0,0,0,0,0,0,0,0,0,0,0,0,0
node_15448,7,0,0,0,0,0,0,0,0,0,0,0,0,0,0,0,0,0,0,0,0
node_15465,10,0,1,0,0,0,0,0,0,0,0,0,0,0,0,0,0,0,0,0,0
node_15475,1,0,1,0,1,0,0,0,0,0,0,0,0,0,0,0,0,0,0,0,0
node_15477,24,1,8,0,2,0,0,0,0,0,0,0,0,0,0,0,0,0,1,0,0
node_15512,20,0,1,0,1,1,0,0,0,0,0,0,0,1,0,0,0,0,0,0,0
node_15535,5,0,0,0,3,0,0,0,0,0,0,0,0,0,0,0,0,0,0,0,1
node_15546,49,0,1,0,0,0,0,0,0,0,0,0,0,0,0,0,0,0,0,0,0
node_15595,30,2,1,0,2,0,0,0,0,0,0,0,0,0,0,0,0,0,0,0,1
node_1561,3,1,1,0,0,0,0,0,0,0,0,0,0,0,0,0,0,0,0,0,0
node_15630,29,0,1,0,1,0,0,1,0,0,0,0,0,0,0,0,0,0,0,0,2
node_1565,17,2,2,9,1,0,0,5,0,0,0,0,0,0,0,0,0,0,0,0,1
node_15663,9,1,1,0,3,0,0,0,0,0,0,0,0,0,0,0,0,0,0,0,0
node_15680,13,1,3,0,17,0,0,2,0,1,0,0,0,1,0,0,0,0,0,1,6
node_15724,2,0,0,0,4,0,0,1,0,0,0,0,0,0,0,0,0,0,0,0,0
node_15730,23,0,2,0,2,0,0,0,0,0,0,1,0,0,0,0,0,0,0,0,0
node_15757,11,1,4,0,10,0,1,7,0,0,0,0,0,0,0,3,0,0,0,0,3
node_15796,43,2,195,1,23,0,1,1,0,1,0,0,0,2,0,5,1,0,0,0,7
node_159,0,17,1,0,5,6,2,1,0,9,0,19,0,0,0,0,0,0,0,0,11
node_1602,1,8,0,3,1,1,1,0,0,0,0,0,0,0,0,0,0,0,0,0,0
node_16080,2,1,1,0,0,2,0,0,0,1,0,0,0,0,0,0,0,0,0,0,0
node_16086,4,0,2,0,6,0,0,0,0,0,0,0,0,0,0,0,0,0,0,0,0
node_16100,8,3,0,0,0,0,0,0,0,1,0,0,0,0,0,0,0,0,0,0,0
node_16111,12,1,5,0,7,0,1,6,0,6,0,1,0,1,0,1,0,0,0,0,2
node_16153,3,4,0,1,8,1,0,1,0,2,0,1,0,1,0,2,0,0,0,0,4
node_1616,2,2,0,2,1,0,0,0,0,0,0,0,0,0,0,0,0,0,0,0,1
node_16181,10,1,0,0,10,1,0,0,0,4,0,1,0,0,0,3,0,0,0,0,8
node_16218,6,0,1,0,0,0,0,0,0,0,0,0,0,0,0,0,0,0,0,0,0
node_16224,9,4,2,2,4,1,1,0,1,0,0,0,0,2,0,0,0,0,0,0,2
node_1624,0,0,0,5,0,0,0,0,0,0,0,0,0,0,0,0,0,0,0,0,0
node_16254,1,0,0,0,2,0,0,0,0,0,0,0,0,0,0,0,0,0,0,0,0
node_16256,0,0,0,0,2,0,0,0,0,0,0,0,0,0,0,0,0,0,0,0,0
node_16257,0,3,0,0,19,0,0,0,0,0,0,0,0,0,0,0,0,0,0,0,1
node_1628,0,1,0,0,3,0,0,0,0,0,0,0,0,0,0,0,0,0,0,0,0
node_16284,1,3,1,0,0,0,0,0,0,0,0,0,0,0,0,0,0,0,0,0,0
node_16288,0,0,0,8,0,0,0,0,0,0,0,0,0,0,0,0,0,0,0,0,1
node_16297,0,0,0,5,0,0,0,0,0,0,0,0,0,0,0,0,0,0,0,0,0
node_16301,0,0,0,10,0,0,0,0,0,0,0,0,0,0,0,0,0,0,0,0,0
node_16314,9,0,0,0,0,0,0,0,0,0,0,0,0,0,0,0,0,0,0,0,0
node_16322,4,0,0,0,0,0,0,0,0,0,0,0,0,0,0,0,0,0,0,0,0
node_16325,30,0,2,0,0,0,0,0,0,0,0,0,0,1,0,0,0,0,0,0,1
node_16358,7,0,0,0,0,0,0,0,0,0,0,0,0,0,0,0,0,0,0,0,0
node_1636,44,0,0,0,1,0,0,0,0,0,0,0,0,1,0,0,0,0,0,0,1
node_16364,8,0,0,0,0,0,0,0,0,0,0,0,0,0,0,0,0,0,0,0,0
node_16372,10,0,0,0,0,0,0,0,0,0,0,0,0,0,0,0,0,0,0,0,0
node_16381,3,0,0,0,0,0,0,0,0,0,0,0,0,0,0,0,0,0,0,0,0
node_16391,0,27,2,0,8,0,5,0,0,0,0,0,0,0,0,0,1,1,0,0,0
node_16434,3,0,5,0,0,0,0,1,0,1,0,0,0,0,0,0,0,0,0,0,6
node_16449,0,0,1,0,0,0,1,1,0,0,0,0,0,0,0,0,0,0,0,0,0
node_16452,0,7,0,0,0,9,0,1,0,0,0,0,0,0,0,0,0,0,0,0,0
node_16468,0,23,0,0,0,18,0,0,0,0,0,0,0,0,0,0,0,0,0,0,3
node_16513,1,0,0,0,3,2,0,0,0,0,0,0,0,0,0,0,0,0,0,0,0
node_16519,0,2,0,0,0,0,0,0,0,0,0,0,0,0,0,0,0,0,0,0,0
node_16524,2,1,0,1,0,2,0,2,0,0,0,0,0,0,0,0,0,0,0,0,0
node_16531,0,6,0,0,0,0,0,0,0,0,0,0,0,0,0,0,0,0,0,0,0
node_16537,0,3,0,7,0,1,0,0,0,0,0,0,0,0,0,0,0,0,0,0,0
node_16547,1,0,0,2,0,0,0,0,0,0,0,0,0,0,0,0,0,0,0,0,0
node_16552,4,10,0,0,3,6,1,0,1,0,0,0,0,4,0,0,0,1,0,2,6
node_16589,19,39,0,2,42,1,0,0,0,0,0,0,0,0,0,0,0,0,0,1,11
node_16703,0,40,0,1,3,0,0,1,0,1,0,0,0,0,0,0,1,0,0,1,2
node_16753,2,1,0,3,3,5,20,22,0,0,0,0,0,0,0,1,0,0,0,0,3
node_16812,0,4,0,0,0,0,0,0,0,0,0,0,0,0,0,0,0,0,0,0,1
node_16820,54,0,0,0,30,0,0,0,0,0,0,0,0,0,0,0,0,0,0,0,2
node_1683,28,0,0,0,0,0,0,0,0,0,0,0,0,0,0,0,0,0,0,0,1
node_16905,1,1,0,0,11,0,0,0,0,0,0,0,0,0,0,0,0,0,0,0,0
node_16917,1,1,0,0,6,1,0,3,0,0,0,0,0,0,0,0,0,0,0,0,0
node_16933,19,13,2,0,0,3,0,0,0,0,0,0,0,0,0,0,0,0,0,0,1
node_16970,0,48,0,4,0,2,0,0,0,0,0,0,0,0,0,0,0,0,0,0,0
node_17023,0,0,0,5,0,0,0,0,0,0,0,0,0,0,0,0,0,0,0,0,0
node_17027,0,0,0,5,0,0,0,0,0,0,0,0,0,0,0,0,0,0,0,0,1
node_17034,19,8,0,0,7,0,4,5,0,1,0,0,0,0,0,0,0,0,0,0,0
node_17077,4,0,0,0,0,0,1,0,0,0,0,0,0,0,0,0,0,0,0,0,0
node_17081,9,0,0,0,0,0,0,0,0,0,0,0,0,0,0,0,0,0,0,0,0
node_17093,1,0,0,0,2,0,0,0,0,0,0,0,0,0,0,0,0,0,0,0,0
node_17095,93,0,0,0,0,0,0,0,0,0,0,0,0,0,0,0,0,0,0,0,0
node_1711,33,0,0,0,0,0,0,0,0,0,0,0,0,0,0,0,1,0,0,0,0
node_17187,0,0,0,0,2,0,0,0,0,0,0,0,0,0,0,0,0,0,0,0,0
node_17188,0,0,2,0,0,0,0,0,0,0,0,0,0,0,0,0,0,0,0,0,0
node_17191,50,22,0,1,42,2,8,6,0,0,0,0,0,1,0,0,0,1,0,0,16
node_17339,0,0,0,1,0,0,0,0,0,0,0,0,0,0,0,0,0,0,0,0,8
node_17348,2,0,0,0,0,0,0,0,0,0,0,0,0,0,0,0,0,0,0,0,0
node_17349,0,2,0,0,0,0,0,0,0,0,0,0,0,0,0,0,0,0,0,0,0
node_17354,118,0,0,0,0,0,0,0,0,0,0,0,0,0,0,0,0,0,0,0,0
node_1744,2,1,0,0,1,0,0,0,0,0,0,0,0,0,0,0,0,0,0,0,0
node_17471,8,1,0,0,1,0,0,0,0,0,0,0,0,0,0,0,0,0,0,0,0
node_17481,78,0,0,0,0,0,0,0,0,0,0,0,0,0,0,0,0,0,0,0,1
node_1749,6,0,2,0,0,0,0,0,0,0,0,0,0,0,0,0,0,0,0,0,0
node_17559,15,0,0,0,0,0,0,0,0,0,0,0,0,0,0,0,0,0,0,0,0
node_1756,3,0,0,0,0,0,0,0,0,0,0,0,0,0,0,0,0,0,0,0,0
node_17575,288,0,0,0,0,0,0,0,0,0,0,0,0,0,0,0,0,0,0,0,0
node_1759,13,0,0,0,0,0,0,0,0,0,0,0,0,0,0,0,0,0,0,0,0
node_1771,4,0,0,0,0,0,0,0,0,1,0,0,0,0,0,0,0,0,0,0,2
node_1782,12,0,0,0,2,0,0,1,0,0,0,0,0,0,0,0,0,0,0,0,2
node_17862,35,0,0,0,0,0,0,0,0,0,0,0,0,0,0,0,0,0,0,0,0
node_17897,7,0,0,0,0,0,0,0,0,0,0,0,0,0,0,0,0,0,0,0,0
node_17903,1,0,0,1,0,0,0,0,0,0,0,0,0,0,0,0,0,0,0,0,0
node_17908,10,0,0,0,0,0,0,0,0,0,0,0,0,0,0,0,0,0,0,0,0
node_17917,0,0,0,0,3,0,0,0,0,0,0,0,0,0,0,0,0,0,0,0,0
node_17919,40,0,0,0,1,0,0,0,0,0,0,0,0,0,0,0,0,0,0,0,0
node_17960,100,0,0,0,0,0,0,0,0,0,0,0,0,0,0,0,0,0,0,0,0
node_1798,1,0,1,0,0,0,0,0,0,0,0,0,0,0,0,0,0,0,0,0,0
node_1799,28,1,0,0,2,0,1,0,0,1,0,0,0,1,0,0,0,0,0,0,2
node_18059,7,0,0,0,0,0,0,0,0,0,0,0,0,0,0,0,0,0,0,0,0
node_18065,0,0,3,0,0,0,0,0,0,0,0,0,0,0,0,0,0,0,0,0,2
node_18075,0,3,0,0,2,0,0,0,0,0,0,0,0,0,0,0,0,0,0,0,0
node_18079,22,0,0,0,0,0,0,0,0,0,0,0,0,0,0,0,0,0,0,0,0
node_18100,3,0,0,0,1,0,0,0,0,0,0,0,0,0,0,0,0,0,0,0,2
node_18106,1,0,0,0,0,1,0,0,0,0,0,0,0,0,0,0,0,0,0,0,0
node_18110,0,0,0,0,3,0,0,0,0,0,0,0,0,0,0,0,0,0,0,0,0
node_18112,0,0,0,0,5,0,0,0,0,0,0,0,0,0,0,0,0,0,0,0,0
node_18116,0,0,0,0,2,0,0,0,0,0,0,0,0,0,0,0,0,0,0,0,0
node_18118,2,0,0,0,1,0,0,0,0,0,0,0,0,0,0,0,0,0,0,0,1
node_18121,2,0,0,0,0,0,0,0,0,0,0,0,0,0,0,0,0,0,0,0,0
node_18125,30,1,0,0,0,0,0,0,0,0,0,0,0,0,0,0,0,0,0,0,0
node_18155,3,0,0,0,0,0,0,0,0,0,0,0,0,0,0,0,0,0,0,0,0
node_18161,1,0,2,0,0,0,0,0,0,0,0,0,0,0,0,0,0,0,0,0,0
node_18163,2,0,0,0,0,0,0,0,0,0,0,0,0,0,0,0,0,0,0,0,0
node_18164,2,0,0,2,0,0,0,0,0,0,0,0,0,0,0,0,0,0,0,0,0
node_18170,4,0,24,0,0,0,0,0,0,0,0,0,0,0,0,0,0,0,0,0,0
node_18197,1,0,4,0,0,0,0,0,0,0,0,0,0,0,0,0,0,0,0,0,0
node_18201,0,0,3,0,0,0,0,0,0,0,0,0,0,0,0,0,0,0,0,0,2
node_18208,5,0,1,0,0,0,0,4,0,0,0,0,0,0,0,0,0,0,0,0,0
node_18217,20,7,0,0,0,0,0,0,0,0,0,0,0,0,0,0,0,0,0,0,0
node_18244,1,0,0,0,0,0,0,1,0,0,0,0,0,1,0,0,1,0,0,0,0
node_18247,6,0,1,0,0,0,0,0,0,0,0,0,0,0,0,0,0,0,0,0,0
node_18255,1,0,0,0,0,0,0,0,0,0,0,0,0,0,0,0,1,0,0,0,0
node_18257,12,0,0,0,0,0,0,0,0,0,0,0,0,0,0,0,0,0,0,0,0
node_18268,5,0,0,2,0,0,0,0,0,0,0,0,0,0,0,0,1,0,0,0,1
node_18286,14,337,0,0,0,3,0,0,0,0,0,0,0,0,0,0,0,0,0,0,0
node_1834,51,1,40,0,5,0,2,1,0,5,0,0,0,0,0,1,0,0,0,0,6
node_18639,1,112,0,0,0,0,0,0,0,0,0,0,0,0,0,0,0,1,0,0,1
node_18753,12,10,0,0,0,0,0,0,0,0,0,0,0,0,0,0,0,0,0,0,0
node_18774,0,25,0,0,0,0,0,0,0,0,0,0,0,0,0,0,0,0,0,0,0
node_18798,0,63,0,1,0,0,0,0,0,0,0,0,0,0,0,0,0,0,0,0,0
node_18864,1,3,0,0,0,0,0,0,0,0,0,0,0,0,0,0,0,0,0,0,0
node_18867,5,0,0,0,0,0,0,0,0,0,0,0,0,0,0,0,0,0,0,0,0
node_18871,9,3,0,0,0,0,0,0,0,0,0,0,0,0,0,0,0,0,0,0,0
node_18882,4,5,0,0,0,1,0,0,0,0,0,0,0,0,0,0,0,0,0,0,0
node_18894,0,17,0,0,0,3,0,0,0,0,0,0,0,0,0,0,0,0,0,1,0
node_18914,0,0,0,0,1,0,0,0,25,0,0,0,0,0,0,0,0,1,0,0,2
node_18946,1,120,0,2,2,8,0,0,20,1,0,0,0,2,0,0,10,5,0,0,25
node_19141,0,2,0,0,1,0,0,0,0,0,0,0,0,0,0,0,0,0,0,0,0
node_19143,0,35,0,2,0,11,0,0,0,0,0,1,3,0,1,0,1,0,0,0,4
node_19201,0,210,0,0,0,0,0,0,0,0,0,0,0,0,0,0,0,0,0,0,0
node_19410,1,3,0,15,0,0,0,0,0,0,0,0,0,0,0,0,0,0,0,0,2
node_19430,1,21,0,0,0,0,0,0,0,0,0,0,0,0,0,0,0,0,0,0,0
node_19453,5,522,4,15,1,10,0,0,44,0,7,0,1,0,5,0,0,7,3,0,8
node_1947,39,1,1,1,3,0,0,0,0,0,0,0,0,0,0,0,0,0,0,0,6
node_1997,34,3,19,2,0,0,0,1,0,1,0,0,0,0,0,0,0,0,0,0,1
node_20084,0,41,0,3,0,1,0,0,0,0,0,0,0,0,0,0,0,0,0,0,0
node_20128,0,2,0,0,0,0,0,0,0,0,0,0,0,0,0,0,0,0,0,0,0
node_20134,0,2,0,518,0,0,0,0,0,0,0,0,10,0,0,0,0,0,3,1,3
node_2060,4,0,2,0,0,0,0,0,0,0,0,0,0,0,0,0,0,0,0,0,0
node_2065,5,0,0,0,0,0,0,0,0,0,0,0,0,0,0,0,0,0,0,0,0
node_20670,0,0,0,196,0,0,0,0,0,0,0,0,0,0,0,0,0,0,0,0,0
node_2069,9,0,4,0,0,0,0,0,0,0,0,0,0,0,0,0,0,0,0,0,0
node_2081,12,0,0,0,0,0,0,0,0,0,0,0,0,0,0,0,0,0,0,0,0
node_20865,2,0,0,449,1,0,0,0,0,0,0,0,29,0,0,0,0,0,3,4,6
node_2100,11,0,3,0,0,0,0,0,0,0,0,0,0,0,0,0,0,0,0,0,0
node_2113,1,0,1,0,0,0,0,0,0,0,0,0,0,0,0,0,0,0,0,0,0
node_2114,0,0,33,0,0,0,0,0,0,0,0,0,0,0,0,0,0,0,0,0,0
node_21360,0,0,0,67,0,0,0,0,0,0,0,0,0,0,0,0,0,0,0,0,0
node_21426,0,0,0,65,0,0,0,0,0,0,0,0,0,0,0,0,0,0,0,0,0
node_2148,1,0,13,0,0,0,0,0,0,0,0,0,0,0,0,0,0,0,0,0,0
node_21490,3,1,0,919,0,0,1,0,0,0,0,0,1,0,0,0,1,0,0,2,5
node_2161,0,0,2,0,0,0,0,0,0,0,0,0,0,0,0,0,0,0,0,0,0
node_2162,0,0,3,0,0,0,0,0,0,0,0,0,0,0,0,0,0,0,0,0,0
node_2168,34,0,3,0,0,0,0,0,0,0,0,0,0,0,0,0,0,0,0,0,0
node_2204,2,0,8,0,1,0,0,0,0,1,0,1,0,0,0,1,0,0,0,0,1
node_2218,9,0,0,0,0,0,0,0,0,0,0,0,0,1,0,0,0,0,0,0,0
node_2229,2,0,0,0,0,0,0,0,0,0,0,0,0,0,0,0,0,0,0,0,0
node_2231,3,0,0,0,0,0,0,0,0,0,0,0,0,0,0,0,0,0,0,0,0
node_2233,3,0,0,0,0,0,0,0,0,0,0,0,0,0,0,0,0,0,0,0,0
node_2237,66,0,0,0,0,0,0,0,0,0,0,0,0,0,0,0,0,0,0,0,0
node_22422,0,6,0,17,1,1,0,0,0,0,0,0,0,1,0,0,0,0,0,0,2
node_22451,2,54,1,1,1,0,0,0,0,0,0,0,0,0,0,0,0,1,0,1,4
node_22515,0,5,0,1,0,0,0,0,0,0,0,0,0,0,0,0,0,0,4,0,4
node_22529,0,143,1,0,0,0,0,0,0,0,0,0,0,0,0,0,0,0,0,0,0
node_22672,0,6,0,0,0,0,0,0,0,0,0,0,0,0,0,0,0,0,0,0,0
node_22681,0,1,0,4,0,0,0,0,0,0,0,0,0,0,0,0,0,0,0,0,0
node_22685,0,2,0,0,0,0,0,0,0,0,0,0,0,0,0,0,0,0,0,0,1
node_22688,1,9,0,0,0,0,0,0,0,0,0,0,0,0,0,0,0,0,0,0,0
node_22697,0,18,0,0,0,1,0,0,0,0,0,0,0,0,0,0,0,1,0,0,1
node_22720,1,38,0,19,0,4,0,0,1,0,0,0,0,0,0,0,0,0,3,0,2
node_22787,2,9,0,0,0,0,0,0,0,0,1,0,0,0,0,0,0,0,0,0,1
node_22799,2,7,0,6,0,0,0,0,0,0,0,0,0,0,0,0,0,0,0,0,0
node_22814,0,21,0,0,1,2,0,0,0,0,4,0,2,0,0,0,0,1,0,1,1
node_22846,5,8,0,0,0,0,0,0,0,0,0,0,0,0,0,0,0,0,0,0,0
node_22862,1,2,1,58,0,1,0,0,1,0,0,0,1,0,0,0,0,0,1,1,5
node_229,2,1,0,0,9,0,2,1,0,13,0,2,0,0,0,5,0,0,0,0,6
node_22933,6,28,3,4,1,1,0,0,1,0,0,0,1,0,0,0,0,1,0,1,26
node_23006,4,12,0,0,0,1,0,0,0,0,0,0,0,0,0,0,0,0,0,0,0
node_2302,6,0,0,0,0,0,0,0,0,0,0,0,0,0,0,0,0,0,0,0,0
node_23022,0,1,0,0,0,0,0,1,0,0,0,0,0,0,0,0,0,0,0,0,0
node_23024,61,18,7,31,21,3,2,2,7,2,0,0,0,0,0,1,1,2,1,0,9
node_2307,23,0,0,0,0,0,0,0,0,0,0,0,0,0,0,0,0,0,0,0,2
node_23191,3,6,0,1,3,2,1,12,0,2,0,0,0,2,0,0,0,1,1,1,8
node_23235,8,1,0,0,8,0,0,0,0,0,0,0,0,0,0,0,0,0,0,0,0
node_23251,6,1,0,0,0,0,0,0,0,0,0,0,0,0,0,0,0,0,0,0,0
node_23258,8,3,0,0,0,1,0,0,0,0,0,0,0,0,0,0,0,0,0,0,0
node_23275,0,46,1,0,0,0,0,0,0,0,0,0,0,0,0,0,0,0,0,0,0
node_23321,4,1,0,0,1,0,0,0,0,0,0,0,0,0,0,0,0,0,0,0,0
node_23327,0,21,0,0,0,0,0,0,0,2,0,0,0,0,0,0,0,0,0,0,0
node_23349,0,51,0,0,0,0,0,0,0,0,0,0,0,0,0,0,0,0,0,0,0
node_2336,156,2,2,0,0,0,0,0,0,0,0,0,0,0,0,0,0,0,0,0,1
node_23401,26,0,0,0,0,0,0,0,0,0,0,0,0,0,0,0,0,0,0,0,0
node_23426,0,1,0,0,0,0,1,0,0,0,0,0,0,0,0,0,0,0,0,0,0
node_23430,0,5,0,0,0,0,0,0,0,0,0,0,0,0,0,0,0,0,0,0,0
node_23434,5,10,0,0,0,0,0,0,0,0,0,0,0,0,0,0,0,0,0,0,0
node_23448,0,11,0,0,0,0,0,0,0,0,0,0,0,0,0,0,0,0,0,0,0
node_23460,0,36,0,0,0,0,0,0,0,0,0,0,0,0,0,0,0,0,0,0,0
node_23495,2,5,0,0,0,0,0,0,0,0,0,0,0,0,0,0,0,0,0,0,0
node_23501,0,3,0,1,0,0,0,0,0,0,0,0,0,0,0,0,0,0,0,0,0
node_23510,0,27,0,0,0,0,0,0,0,0,0,0,0,0,0,0,0,0,0,0,0
node_23536,0,60,0,0,0,0,0,0,0,0,0,0,0,0,0,0,0,0,0,0,0
node_23595,1,71,0,0,0,0,0,0,0,0,1,0,0,0,0,0,0,0,0,0,0
node_23667,0,60,0,6,0,0,0,0,0,0,2,0,0,0,5,0,0,0,0,0,0
node_23739,1,3,0,0,0,0,0,0,0,0,0,0,0,0,0,0,0,0,0,0,0
node_23743,0,4,0,0,0,0,0,0,0,0,0,0,0,0,0,0,0,0,0,0,0
node_23746,1,3,0,0,0,0,0,0,0,0,0,0,0,0,0,0,0,0,0,0,0
node_23750,0,21,0,31,0,0,0,0,0,0,0,0,0,0,0,0,0,0,0,0,0
node_23801,0,0,0,94,0,0,0,0,0,0,0,0,0,0,0,0,0,0,0,0,0
node_23900,5,27,0,264,0,1,0,0,0,0,2,0,6,0,1,0,0,0,1,0,6
node_24212,1,0,0,17,0,0,0,0,0,0,0,0,0,0,0,0,0,0,1,0,0
node_24231,1,5,0,100,0,0,1,0,0,0,0,0,0,0,0,0,0,0,0,1,4
node_24342,0,1,0,2,0,0,0,0,0,0,0,0,0,0,0,0,0,0,0,0,0
node_24345,1,0,0,0,0,0,0,0,0,0,0,0,0,0,0,0,0,0,0,0,1
node_24346,6,8,0,0,0,0,0,0,0,0,0,0,0,0,0,0,0,0,0,0,0
node_24362,3,180,8,2,0,13,0,0,5,0,10,0,1,0,34,0,0,2,0,0,4
node_24623,1,6,0,16,0,1,0,0,0,0,0,0,0,1,1,0,0,0,0,0,0
node_24648,0,6,0,5,0,1,0,0,0,0,0,0,0,0,0,0,0,0,0,0,3
node_24662,1,314,0,0,0,0,0,0,0,0,0,0,0,0,0,0,0,0,0,0,0
node_2496,8,0,0,0,0,0,0,0,0,0,0,0,0,0,0,0,0,0,0,0,0
node_24979,4,34,0,0,0,12,0,0,0,0,14,0,0,0,0,0,0,0,0,0,3
node_2503,15,0,12,0,0,0,0,0,0,0,0,0,0,0,0,0,0,0,0,0,0
node_25045,0,7,0,0,0,0,0,0,0,0,0,0,0,0,0,0,0,0,0,0,0
node_25051,1,0,0,1,2,0,0,0,0,0,0,0,0,0,0,0,0,0,0,0,1
node_25056,0,10,0,7,0,0,0,0,1,0,0,0,1,8,0,0,5,0,0,0,2
node_25089,0,3,0,0,1,0,0,0,0,0,0,0,0,0,0,0,0,0,0,0,1
node_25097,17,2,0,0,0,0,0,0,0,0,0,0,0,0,0,0,0,0,0,0,0
node_25115,0,2,0,0,1,0,0,0,0,0,0,0,0,0,0,0,0,0,0,0,0
node_25118,2,267,1,40,6,23,0,0,1,0,29,0,6,2,0,0,1,0,0,4,15
node_2533,21,0,42,0,0,1,0,0,0,0,0,0,0,0,0,0,0,0,0,0,0
node_25514,2,10,0,0,2,0,0,0,0,0,0,0,0,0,0,0,1,0,0,0,0
node_25529,6,0,7,0,0,0,0,1,1,0,0,0,0,1,0,0,0,0,0,0,1
node_25545,0,1,2,0,0,2,0,0,4,0,0,0,0,0,0,0,0,0,0,0,0
node_25556,57,6,0,4,0,0,0,0,0,0,0,0,0,0,0,0,0,0,0,0,1
node_25623,3,6,1,0,0,0,0,0,0,0,0,0,0,0,0,0,0,0,0,0,0
node_25632,4,0,2,1,0,0,0,0,0,0,0,0,0,0,0,0,0,0,0,0,3
node_25642,9,0,0,0,0,0,0,0,0,0,0,0,0,0,0,0,0,0,0,0,0
node_25650,1,0,0,0,0,1,1,0,0,0,0,0,0,0,0,0,0,0,0,0,0
node_25658,0,57,0,0,0,0,0,0,0,0,0,0,0,0,0,0,0,0,0,0,0
node_25714,0,8,0,0,0,0,0,0,0,0,0,0,0,0,0,0,0,0,0,0,0
node_25721,0,2,0,0,0,0,0,0,0,0,0,0,0,0,0,0,0,0,0,0,0
node_25723,0,10,0,0,0,0,0,0,0,0,0,0,0,0,0,0,0,0,0,0,0
node_25732,0,112,0,0,0,0,0,0,0,0,0,0,0,0,0,0,0,0,0,0,0
node_25845,0,2,0,0,0,0,0,0,0,0,0,0,0,0,0,0,0,0,0,0,0
node_25846,0,5,0,0,0,0,0,0,0,0,0,0,0,0,0,0,0,0,0,0,0
node_25850,0,2,0,0,0,0,0,0,0,0,0,0,0,0,0,0,0,0,0,0,0
node_25854,1,223,0,0,0,0,0,0,0,0,0,0,0,0,0,0,0,0,0,0,2
node_2596,8,0,1,0,1,0,0,0,0,0,0,0,0,0,0,0,0,0,0,0,0
node_2605,27,0,0,0,0,0,0,0,0,0,0,0,0,0,0,0,0,0,0,0,0
node_26079,0,6,0,0,0,0,0,0,0,0,0,0,0,0,0,0,0,0,0,0,0
node_26084,0,42,30,0,0,0,0,0,0,0,0,0,0,0,0,0,0,0,0,0,0
node_26156,0,126,0,0,0,0,0,0,0,0,0,0,0,0,1,0,0,0,0,0,1
node_26283,0,2,0,0,0,0,0,0,0,0,0,0,0,0,0,0,0,0,0,0,0
node_26290,0,81,0,0,0,1,0,0,0,0,1,0,0,0,0,0,0,0,0,0,3
node_2631,7,0,29,0,0,0,0,0,0,0,0,0,0,0,0,0,0,0,0,0,0
node_26375,0,70,0,0,0,0,0,0,0,0,0,0,0,0,0,0,0,0,0,0,0
node_26444,0,43,0,0,1,1,0,0,0,0,0,0,0,0,0,0,0,0,0,0,0
node_26489,0,39,0,0,0,0,0,0,0,0,2,0,0,0,1,0,0,0,0,0,2
node_26532,1,29,0,0,0,10,0,0,0,0,0,0,0,0,2,0,0,0,0,0,0
node_26573,0,0,2,0,0,0,0,0,0,0,0,0,0,0,0,0,0,0,0,0,0
node_26576,0,692,0,1,0,1,0,0,0,0,0,0,0,0,0,0,0,0,0,0,1
node_2667,2,0,0,0,0,0,0,0,0,0,0,0,0,0,0,0,0,0,0,0,0
node_2668,1,0,0,0,0,0,0,1,0,0,0,0,0,0,0,0,0,0,0,0,0
node_2672,7,0,0,0,1,0,0,11,0,2,0,0,0,0,0,1,0,0,0,0,0
node_269,1,28,0,0,0,1,0,0,1,4,0,0,2,0,0,2,0,0,0,0,3
node_2693,122,0,24,0,0,0,0,0,0,0,0,0,0,0,0,0,0,0,0,0,1
node_27270,3,77,0,0,0,1,0,0,0,0,0,0,0,0,0,0,0,0,0,0,0
node_27351,18,75,1,0,0,0,0,0,0,0,2,0,0,0,0,0,0,0,0,0,0
node_27446,0,8,7,0,0,0,0,0,0,0,0,0,0,0,0,0,0,0,0,0,1
node_27464,0,41,0,0,0,0,0,0,0,0,0,0,0,0,0,0,0,0,0,0,0
node_27504,0,1,0,0,0,0,0,0,0,0,0,0,0,0,0,0,0,0,0,0,1
node_27505,0,380,0,0,0,0,0,0,0,0,0,0,0,0,0,0,0,0,0,0,0
node_27884,0,226,0,0,0,0,0,0,0,0,0,0,0,0,0,0,0,0,0,0,0
node_28118,105,2,0,0,1,0,0,0,0,0,0,0,0,0,0,1,0,0,0,0,2
node_28228,2,0,1,0,0,0,0,0,0,0,0,0,0,0,0,0,0,0,0,0,0
node_28231,56,15,7,2,3,1,0,2,0,2,0,0,0,1,0,0,0,0,0,0,12
node_28331,18,0,0,0,0,0,0,0,0,0,0,0,0,0,0,0,0,0,0,0,0
node_28350,1,1,2,0,0,0,1,0,0,0,0,0,0,0,0,0,0,0,0,0,3
node_28357,1,0,0,0,0,0,0,0,0,0,0,0,0,1,0,1,0,0,0,0,0
node_28359,3,5,22,0,8,1,0,0,0,0,0,0,0,0,0,0,0,0,0,0,5
node_2839,0,1,28,0,0,0,0,0,0,0,0,0,0,0,0,0,0,0,0,0,0
node_28402,790,0,0,0,0,0,0,0,0,0,0,0,0,0,0,0,0,0,0,0,2
node_2868,10,1,4,0,0,0,0,0,0,0,0,0,0,0,0,0,0,0,0,0,0
node_2882,418,0,0,0,0,0,0,0,0,0,0,0,0,0,0,0,0,0,0,0,1
node_29196,2,0,0,0,0,0,0,0,0,0,0,0,0,0,0,0,0,0,0,0,0
node_29197,2,0,0,0,0,0,0,0,0,0,0,0,0,0,0,0,0,0,0,0,0
node_29198,35,0,11,0,2,0,1,0,0,1,0,0,0,0,0,0,0,0,0,0,3
node_29251,4,0,0,0,1,0,0,1,0,0,0,1,0,0,0,0,0,0,0,0,1
node_29258,3,8,7,0,0,2,13,0,0,3,0,12,0,0,0,5,0,0,0,0,12
node_29324,0,0,0,1,0,0,0,0,0,0,0,0,0,0,0,0,0,0,0,0,3
node_29327,1,0,0,0,0,0,0,0,0,0,0,0,0,0,0,0,0,0,0,0,2
node_29329,1,3,0,0,0,0,0,0,0,0,0,0,0,0,0,0,0,0,0,0,0
node_29333,1,0,1,0,0,0,0,0,0,0,0,0,0,0,0,0,0,0,0,0,0
node_29334,1982,8,0,0,0,7,18,0,0,2,0,0,1,7,0,8,2,0,0,0,15
node_313,0,5,0,1,0,0,0,0,0,0,0,0,0,0,0,0,0,0,0,0,0
node_31385,0,84,0,0,0,2,0,0,2,0,2,0,0,0,0,0,0,0,0,0,2
node_31476,0,35,0,0,3,0,0,0,0,0,0,0,0,0,0,0,0,0,0,0,0
node_31513,0,0,22,0,0,0,0,0,0,0,0,0,0,0,0,0,0,0,0,0,0
node_319,1,6,0,0,0,0,0,0,0,0,0,0,0,0,0,0,0,0,0,0,1
node_326,0,4,0,0,0,0,0,0,0,0,0,0,0,0,0,0,0,0,0,0,1
node_3304,311,4,75,1,33,0,0,7,0,0,0,0,0,0,0,1,1,0,0,0,8
node_331,41,51,3,8,4,4,0,3,0,1,0,2,2,0,0,0,0,0,1,0,25
node_3744,13,1,47,0,0,0,0,0,0,0,0,0,0,0,0,0,0,0,0,0,0
node_3804,46,0,39,0,2,2,0,6,0,0,0,0,0,0,0,0,0,0,0,0,2
node_3901,13,0,1202,0,14,0,0,0,0,3,0,0,0,0,0,0,0,0,0,0,6
node_475,1,1,0,1,0,1,0,0,0,0,0,0,0,0,0,0,0,0,0,0,0
node_484,1,2,0,0,0,0,0,0,0,0,0,0,0,0,0,0,0,0,0,0,0
node_486,0,2,0,0,0,0,0,0,0,0,0,0,0,0,0,0,0,0,0,0,0
node_487,1,17,0,0,0,9,0,0,0,0,0,0,0,0,0,0,0,0,0,0,0
node_513,5,4,0,0,0,0,0,0,0,0,0,0,0,0,0,0,0,0,0,0,0
node_5138,0,0,3,0,1,0,0,0,0,0,0,0,0,0,0,0,0,0,0,0,0
node_5144,2,0,60,0,1,0,0,0,0,0,0,0,0,0,0,0,0,0,0,0,0
node_5206,3,0,219,0,0,0,0,0,0,0,0,0,0,0,0,0,0,0,0,0,1
node_522,0,43,0,0,0,1,0,0,0,0,2,0,0,0,0,0,0,0,0,0,0
node_5428,6,0,43,0,0,0,0,0,0,0,0,0,0,0,0,0,0,0,0,0,1
node_5478,1,0,20,0,0,0,0,0,0,0,0,0,0,1,0,0,0,0,0,0,0
node_5499,19,0,9,0,0,0,0,0,0,1,0,0,0,0,0,1,0,0,0,0,0
node_5532,0,0,114,0,0,0,0,0,0,0,0,0,0,0,0,0,0,0,0,0,0
node_56,0,0,0,0,0,0,0,0,0,0,0,0,0,0,0,0,0,0,0,0,2
node_5645,2,0,0,0,0,0,0,0,0,0,0,0,0,0,0,0,0,0,0,0,0
node_5646,4,0,424,0,5,0,0,0,0,0,0,0,0,0,0,0,0,0,0,0,0
node_567,0,157,0,1,1,16,0,0,0,0,0,0,0,0,0,0,1,0,0,0,3
node_57,0,1,0,4,0,8,0,0,0,0,0,0,0,0,0,0,0,0,6,0,4
node_6081,31,0,19,0,1,0,0,0,0,0,0,0,0,0,0,0,0,0,0,0,0
node_6131,6,0,80,0,3,0,0,0,0,0,0,0,0,0,0,0,0,0,0,0,1
node_6220,0,0,13,0,1,0,0,0,0,0,0,0,0,0,0,0,0,0,0,0,0
node_6233,1,0,3,0,0,0,0,0,0,0,0,0,0,0,0,0,0,0,0,0,0
node_6240,2,0,11,0,0,0,0,0,0,0,0,0,0,0,0,0,0,0,0,0,0
node_6252,0,0,66,0,0,0,0,0,0,0,0,0,0,0,0,0,0,0,0,0,0
node_6318,1,0,2,0,0,0,0,0,0,0,0,0,0,0,0,0,0,0,0,0,0
node_6320,0,0,20,0,0,0,0,0,0,0,0,0,0,0,0,0,0,0,0,0,0
node_6340,0,0,49,0,0,0,0,0,0,0,0,0,0,0,0,0,0,0,0,0,0
node_6388,12,0,0,0,0,0,0,0,0,0,0,0,0,0,0,0,0,0,0,0,0
node_6400,0,0,102,0,0,0,0,0,0,0,0,0,0,0,0,0,0,0,0,0,1
node_6502,0,0,98,0,0,0,0,0,0,0,0,0,0,0,0,0,0,0,0,0,0
node_6602,4,0,0,0,0,1,0,0,0,0,0,0,0,0,0,0,0,0,0,0,1
node_6607,0,0,19,0,0,0,0,0,0,0,0,0,0,0,0,0,0,0,0,0,0
node_6627,1,0,0,0,0,1,0,0,0,0,0,0,0,0,0,0,0,0,0,0,0
node_6628,0,0,0,0,1,0,0,0,0,0,0,0,0,0,0,1,0,0,0,0,0
node_6633,764,0,0,0,0,0,0,0,0,0,0,0,0,0,0,0,0,0,0,0,0
node_7396,238,0,1,0,0,0,0,0,0,0,0,0,0,0,0,0,0,0,0,0,0
node_745,1,26,2,0,0,1,0,1,1,0,0,0,0,0,0,1,0,0,0,0,4
node_7634,98,0,1,0,0,0,0,0,0,0,0,0,0,0,0,0,0,0,0,0,0
node_7732,2,0,0,0,1,0,0,0,0,0,0,0,0,0,0,0,0,0,0,0,0
node_7735,5,0,0,0,0,0,0,0,0,0,0,0,0,0,0,0,0,0,0,0,0
node_7739,2,0,1,0,0,0,0,0,0,0,0,0,0,0,0,0,0,0,0,0,0
node_7750,1,0,0,0,2,0,0,0,0,0,0,0,0,0,0,0,0,0,0,0,0
node_7753,9,0,0,0,0,0,0,0,0,0,0,0,0,0,0,0,0,0,0,0,0
node_7761,3,0,0,0,0,0,0,0,0,0,0,0,0,0,0,0,0,0,0,0,0
node_7764,4,0,0,0,0,0,0,0,0,0,0,0,0,0,0,0,0,0,0,0,0
node_7767,1,0,0,0,0,0,0,0,0,0,0,0,0,0,0,0,0,0,0,0,1
node_7771,4,0,0,0,0,0,0,0,0,0,0,0,0,0,0,0,0,0,0,0,0
node_7774,1,0,2,0,0,0,0,0,0,0,0,0,0,0,0,0,0,0,0,0,0
node_7776,18,1,0,0,0,0,0,0,0,0,0,0,0,0,0,0,0,0,0,0,0
node_7797,6,0,0,0,0,0,0,0,0,0,0,0,0,0,0,0,0,0,0,0,1
node_7803,7,0,0,0,0,0,0,0,0,0,0,0,0,0,0,0,0,0,0,0,0
node_7809,4,0,0,0,0,0,0,0,0,0,0,0,0,0,0,0,0,0,0,0,0
node_7812,4,20,1,2,0,0,0,0,0,0,0,0,0,0,0,0,0,0,0,0,1
node_783,0,46,0,0,0,0,0,0,0,0,0,0,0,0,0,0,0,0,0,0,0
node_7843,13,0,0,0,0,0,0,0,0,0,0,0,0,0,0,0,0,0,0,0,0
node_7855,9,0,0,0,0,0,0,0,0,0,0,0,0,0,0,0,0,0,0,0,1
node_7864,56,0,0,0,0,0,0,0,0,0,0,0,0,0,0,0,0,0,0,0,1
node_7921,13,0,0,0,0,0,0,0,0,0,0,0,0,0,0,0,0,0,0,0,0
node_7933,4,0,0,0,0,0,0,0,0,0,0,0,0,0,0,0,0,0,0,0,0
node_7940,15,0,0,0,0,0,0,0,0,0,0,0,0,0,0,0,0,0,0,0,0
node_7954,4,0,0,0,0,0,0,0,0,0,0,0,0,0,0,0,0,0,0,0,0
node_7957,38,0,0,0,0,0,0,0,0,0,0,0,0,0,0,0,0,0,0,0,2
node_7996,6,0,1,0,0,0,0,0,0,0,0,0,0,0,0,0,0,0,0,0,0
node_80,0,58,0,2,4,2,0,0,0,0,0,0,0,0,0,0,0,0,0,0,1
node_8003,14,0,0,0,0,0,0,0,0,0,0,0,0,0,0,0,0,0,0,0,0
node_8016,21,0,0,0,0,0,0,0,0,0,0,0,0,0,0,0,0,0,0,0,1
node_8041,365,0,0,0,0,0,0,0,0,0,0,0,0,0,0,0,0,0,0,0,1
node_828,0,65,2,5,0,14,0,0,0,0,0,8,0,1,0,1,0,0,0,0,0
node_8406,87,0,0,0,0,0,0,0,0,0,0,0,0,0,0,0,0,0,0,0,0
node_8492,33,0,0,0,3,0,0,0,0,0,0,0,0,0,0,0,0,0,0,0,0
node_8528,113,0,0,0,0,0,0,0,0,0,0,0,0,0,0,0,0,0,0,0,0
node_8640,239,0,0,0,0,0,0,0,0,0,0,0,0,0,0,0,0,0,0,0,1
node_8882,39,0,15,0,0,0,0,0,0,0,0,0,0,6,0,0,0,0,0,0,0
node_8941,0,0,0,0,0,0,34,0,0,0,0,0,0,0,0,0,0,0,0,0,2
node_8976,347,0,0,0,0,0,0,0,0,0,0,0,0,0,0,0,0,0,0,0,1
node_923,1,3,0,0,0,0,0,0,0,0,0,0,0,0,0,0,0,0,0,0,1
node_930,197,0,0,0,0,0,0,0,0,0,0,0,0,0,0,0,0,0,0,0,0
node_9325,22,0,0,0,0,0,0,0,0,0,0,0,0,0,0,0,0,0,0,0,0
node_9346,1,0,0,0,0,0,0,0,0,0,0,0,0,0,0,0,0,0,0,0,1
node_9347,35,0,0,0,0,0,0,0,0,0,0,0,0,0,0,0,0,0,0,0,1
node_9386,401,0,0,0,0,0,0,0,0,0,0,0,0,0,0,0,0,0,0,0,1
node_9787,1,1,0,0,0,0,0,0,0,0,0,0,0,0,0,0,0,0,0,0,0
node_9789,16,0,0,0,0,0,0,0,0,0,0,0,0,0,0,0,0,0,0,0,0
node_9806,1401,0,0,0,0,0,0,0,0,0,0,0,0,7,0,0,0,0,0,0,1
