DATASET_PIECHART
SEPARATOR COMMA
DATASET_LABEL,Phylum_counts piechart
FIELD_COLORS,#4b89b4,#bfd0e8,#ffa556,#ffcfa0,#4ea04e,#addfa3,#d65b5c,#ffb6b5,#a080bd,#c9bbd5,#8c665e,#c4a8a2,#e397cb,#f7c9dd,#7f7f7f,#c7c7c7,#bcbd50,#dbdba4,#4ec3cf,#b3dde5,#bdbdbd
FIELD_LABELS,Pseudomonadota,Bacillota,Actinomycetota,Bacteroidota,Chloroflexota,Spirochaetota,Verrucomicrobiota,Acidobacteriota,Thermotogota,Planctomycetota,Mycoplasmatota,Lentisphaerota,Ignavibacteriota,Myxococcota,Fusobacteriota,Armatimonadota,Thermodesulfobacteriota,Atribacterota,Balneolota,Calditrichota,Other
#=================================================================#
DATA
node_11214,-1,10,54,0,0,0,0,0,0,0,0,0,0,0,0,0,0,0,0,0,0,0,0
node_1126,-1,10,7,0,0,0,0,0,0,0,0,0,0,0,0,0,0,0,0,0,0,0,0
node_11268,-1,10,11,0,0,0,0,0,0,0,0,0,0,0,0,0,0,0,0,0,0,0,0
node_11278,-1,10,8,0,0,0,0,0,0,0,0,0,0,0,0,0,0,0,0,0,0,0,0
node_11289,-1,10,297,0,0,0,0,0,0,0,0,0,0,0,0,0,0,0,0,0,0,0,2
node_1134,-1,10,10,4,0,0,2,1,0,0,0,1,0,0,0,0,0,0,0,0,0,0,0
node_1151,-1,10,3,10,0,0,1,2,0,0,0,0,0,0,0,0,0,0,0,1,0,0,0
node_11587,-1,10,565,0,0,0,0,0,0,0,0,0,0,0,0,0,0,0,0,0,0,0,0
node_1168,-1,10,0,128,1,0,0,0,0,0,0,0,0,0,0,0,0,0,0,0,0,0,0
node_12152,-1,10,117,0,0,0,1,0,0,0,0,0,0,0,0,0,0,0,0,0,0,0,1
node_12270,-1,10,38,0,0,0,0,0,0,0,0,0,0,0,0,0,0,0,0,0,0,0,0
node_12309,-1,10,176,0,0,0,0,0,0,0,0,0,0,0,0,0,0,0,0,0,0,0,0
node_12484,-1,10,19,0,0,0,0,0,0,0,0,0,0,0,0,0,0,0,0,0,0,0,0
node_12504,-1,10,3,0,0,0,0,0,0,0,0,0,0,0,0,0,0,0,0,0,0,0,1
node_12507,-1,10,9,0,0,0,0,0,0,0,0,0,0,0,0,0,0,0,0,0,0,0,0
node_12515,-1,10,6,0,0,0,0,0,0,0,0,0,0,0,0,0,0,0,0,0,0,0,0
node_12527,-1,10,26,0,0,0,0,0,0,0,0,0,0,0,0,0,0,0,0,0,0,0,0
node_12552,-1,10,13,0,0,0,0,0,0,0,0,0,0,0,0,0,0,0,0,0,0,0,0
node_12565,-1,10,9,0,0,0,0,0,0,0,0,0,0,0,0,0,0,0,0,0,0,0,0
node_12573,-1,10,21,0,0,0,0,0,0,0,0,0,0,0,0,0,0,0,0,0,0,0,0
node_12594,-1,10,8,0,0,0,0,0,0,0,0,0,0,0,0,0,0,0,0,0,0,0,0
node_12601,-1,10,5,0,0,0,0,0,0,0,0,0,0,0,0,0,0,0,0,0,0,0,0
node_12608,-1,10,14,3,0,0,0,0,0,0,0,0,0,0,0,0,0,0,0,0,0,0,1
node_12625,-1,10,9,1,0,0,0,0,0,0,0,0,0,0,0,0,0,0,0,0,0,0,0
node_12635,-1,10,9,0,0,0,0,0,0,0,0,0,0,0,0,0,0,0,0,0,0,0,0
node_12643,-1,10,2,0,0,0,0,0,0,0,0,0,0,0,0,0,0,0,0,0,0,0,0
node_12645,-1,10,3,0,0,0,0,0,0,0,0,0,0,0,0,0,0,0,0,0,0,0,2
node_12649,-1,10,13,0,0,0,0,0,0,0,0,0,0,0,0,0,0,0,0,0,0,0,0
node_12665,-1,10,5,0,0,0,0,0,0,0,0,0,0,0,0,0,0,0,0,0,0,0,0
node_12670,-1,10,62,0,0,0,0,0,0,0,0,0,0,0,0,0,0,0,0,0,0,0,0
node_12731,-1,10,78,0,0,0,0,0,0,0,0,0,0,0,0,0,0,0,0,0,0,0,0
node_12809,-1,10,272,0,0,0,0,0,0,0,0,0,0,0,0,0,0,0,0,0,0,0,0
node_1296,-1,10,0,20,0,0,0,0,0,0,0,0,0,0,0,0,0,0,0,0,0,0,0
node_13080,-1,10,28,0,0,0,0,0,0,0,0,0,0,0,0,0,0,0,0,0,0,0,0
node_13108,-1,10,226,0,0,0,0,0,0,0,0,0,0,0,0,0,0,0,0,0,0,0,0
node_1320,-1,10,3,1,4,0,0,0,0,0,0,0,0,0,0,0,0,0,0,0,0,0,0
node_1327,-1,10,0,6,1,0,0,0,3,0,0,2,0,0,0,0,0,0,0,2,0,0,2
node_13333,-1,10,3,0,0,0,0,0,0,0,0,0,0,0,0,0,0,0,0,0,0,0,0
node_13339,-1,10,21,0,0,0,0,0,0,0,0,0,0,0,0,0,0,0,0,0,0,0,3
node_13362,-1,10,442,0,0,0,0,0,0,0,0,0,0,0,0,0,0,0,0,0,0,0,0
node_1343,-1,10,0,0,0,0,1,0,0,0,0,0,0,0,0,0,0,0,0,0,0,0,1
node_1344,-1,10,0,2,0,0,0,0,0,0,0,0,0,0,0,0,0,0,0,0,0,0,0
node_1346,-1,10,0,0,16,0,0,0,0,0,0,0,0,0,0,0,0,0,0,0,0,0,0
node_1361,-1,10,0,0,6,0,0,0,0,0,0,0,0,0,0,0,0,0,0,0,0,0,0
node_1370,-1,10,0,3,0,0,0,0,0,0,0,0,0,0,0,0,0,0,0,0,0,0,0
node_1372,-1,10,0,10,0,0,0,0,0,0,0,0,0,0,0,0,0,0,0,0,0,0,0
node_13803,-1,10,2,0,0,0,0,0,0,0,0,0,0,0,0,0,0,0,0,0,0,0,0
node_13804,-1,10,0,0,1,0,0,0,1,0,0,0,0,0,0,0,0,0,0,0,0,0,0
node_13806,-1,10,0,0,3,0,0,0,0,0,0,0,0,0,0,0,0,0,0,0,0,0,0
node_1381,-1,10,0,8,0,0,0,0,0,0,0,0,0,1,0,0,0,0,0,0,0,0,1
node_13813,-1,10,722,0,1,0,0,0,0,0,0,0,0,0,0,0,0,0,0,0,0,0,3
node_1390,-1,10,2,1,0,0,0,0,0,0,0,0,0,0,0,0,0,0,0,0,0,0,0
node_1394,-1,10,2,5,0,1,0,2,0,0,0,8,0,4,0,0,0,0,0,0,0,0,1
node_1416,-1,10,19,1,0,0,0,1,0,0,0,0,0,0,0,0,0,0,0,0,0,0,0
node_1436,-1,10,0,4,1,0,0,0,0,0,0,0,0,0,0,0,0,0,0,0,0,0,0
node_1442,-1,10,0,0,0,6,0,0,0,0,0,0,0,0,0,0,0,0,0,0,0,0,0
node_1447,-1,10,0,5,0,0,0,0,0,0,0,0,0,0,0,0,0,0,0,0,0,0,0
node_1451,-1,10,0,0,17,0,0,0,0,0,0,0,0,0,0,0,0,0,0,0,0,0,0
node_14538,-1,10,41,0,0,0,0,0,0,0,0,0,0,0,0,0,0,0,0,0,0,0,0
node_14579,-1,10,5,0,0,0,0,0,0,0,0,0,0,0,0,0,0,0,0,0,0,0,0
node_14583,-1,10,10,0,0,0,0,0,0,0,0,0,0,0,0,0,0,0,0,0,0,0,0
node_14596,-1,10,76,0,0,0,0,0,0,0,0,0,0,0,0,0,0,0,0,0,0,0,0
node_146,-1,10,12,0,0,0,0,0,0,0,0,0,0,0,0,0,0,0,0,0,0,0,0
node_14671,-1,10,1,2,0,0,0,0,0,0,0,0,0,0,0,0,0,0,0,0,0,0,0
node_14673,-1,10,22,0,0,0,0,0,0,0,0,0,0,0,0,0,0,0,0,0,0,0,1
node_14698,-1,10,303,0,0,0,0,0,0,0,0,0,0,0,0,0,0,0,0,0,0,0,0
node_1473,-1,10,0,2,1,0,1,1,0,0,0,0,0,0,0,0,0,0,0,0,0,0,1
node_1478,-1,10,2,0,0,0,1,0,0,0,0,0,0,0,0,0,0,0,0,0,0,0,0
node_1480,-1,10,10,0,56,0,10,0,0,2,0,1,0,0,0,0,0,0,0,0,0,0,3
node_15,-1,10,1,0,4,1,0,2,4,0,1,1,0,23,0,2,0,0,0,0,0,0,3
node_15000,-1,10,129,0,0,0,0,0,0,0,0,0,0,0,0,0,0,0,0,0,0,0,0
node_15128,-1,10,21,0,0,0,0,0,0,0,0,0,0,0,0,0,0,0,0,0,0,0,0
node_15149,-1,10,300,0,0,0,0,0,0,0,0,0,0,0,0,0,0,0,0,0,0,0,0
node_15448,-1,10,7,0,0,0,0,0,0,0,0,0,0,0,0,0,0,0,0,0,0,0,0
node_15465,-1,10,10,0,1,0,0,0,0,0,0,0,0,0,0,0,0,0,0,0,0,0,0
node_15475,-1,10,1,0,1,0,1,0,0,0,0,0,0,0,0,0,0,0,0,0,0,0,0
node_15477,-1,10,24,1,8,0,2,0,0,0,0,0,0,0,0,0,0,0,0,0,1,0,0
node_15512,-1,10,20,0,1,0,1,1,0,0,0,0,0,0,0,1,0,0,0,0,0,0,0
node_15535,-1,10,5,0,0,0,3,0,0,0,0,0,0,0,0,0,0,0,0,0,0,0,1
node_15546,-1,10,49,0,1,0,0,0,0,0,0,0,0,0,0,0,0,0,0,0,0,0,0
node_15595,-1,10,30,2,1,0,2,0,0,0,0,0,0,0,0,0,0,0,0,0,0,0,1
node_1561,-1,10,3,1,1,0,0,0,0,0,0,0,0,0,0,0,0,0,0,0,0,0,0
node_15630,-1,10,29,0,1,0,1,0,0,1,0,0,0,0,0,0,0,0,0,0,0,0,2
node_1565,-1,10,17,2,2,9,1,0,0,5,0,0,0,0,0,0,0,0,0,0,0,0,1
node_15663,-1,10,9,1,1,0,3,0,0,0,0,0,0,0,0,0,0,0,0,0,0,0,0
node_15680,-1,10,13,1,3,0,17,0,0,2,0,1,0,0,0,1,0,0,0,0,0,1,6
node_15724,-1,10,2,0,0,0,4,0,0,1,0,0,0,0,0,0,0,0,0,0,0,0,0
node_15730,-1,10,23,0,2,0,2,0,0,0,0,0,0,1,0,0,0,0,0,0,0,0,0
node_15757,-1,10,11,1,4,0,10,0,1,7,0,0,0,0,0,0,0,3,0,0,0,0,3
node_15796,-1,10,43,2,195,1,23,0,1,1,0,1,0,0,0,2,0,5,1,0,0,0,7
node_159,-1,10,0,17,1,0,5,6,2,1,0,9,0,19,0,0,0,0,0,0,0,0,11
node_1602,-1,10,1,8,0,3,1,1,1,0,0,0,0,0,0,0,0,0,0,0,0,0,0
node_16080,-1,10,2,1,1,0,0,2,0,0,0,1,0,0,0,0,0,0,0,0,0,0,0
node_16086,-1,10,4,0,2,0,6,0,0,0,0,0,0,0,0,0,0,0,0,0,0,0,0
node_16100,-1,10,8,3,0,0,0,0,0,0,0,1,0,0,0,0,0,0,0,0,0,0,0
node_16111,-1,10,12,1,5,0,7,0,1,6,0,6,0,1,0,1,0,1,0,0,0,0,2
node_16153,-1,10,3,4,0,1,8,1,0,1,0,2,0,1,0,1,0,2,0,0,0,0,4
node_1616,-1,10,2,2,0,2,1,0,0,0,0,0,0,0,0,0,0,0,0,0,0,0,1
node_16181,-1,10,10,1,0,0,10,1,0,0,0,4,0,1,0,0,0,3,0,0,0,0,8
node_16218,-1,10,6,0,1,0,0,0,0,0,0,0,0,0,0,0,0,0,0,0,0,0,0
node_16224,-1,10,9,4,2,2,4,1,1,0,1,0,0,0,0,2,0,0,0,0,0,0,2
node_1624,-1,10,0,0,0,5,0,0,0,0,0,0,0,0,0,0,0,0,0,0,0,0,0
node_16254,-1,10,1,0,0,0,2,0,0,0,0,0,0,0,0,0,0,0,0,0,0,0,0
node_16256,-1,10,0,0,0,0,2,0,0,0,0,0,0,0,0,0,0,0,0,0,0,0,0
node_16257,-1,10,0,3,0,0,19,0,0,0,0,0,0,0,0,0,0,0,0,0,0,0,1
node_1628,-1,10,0,1,0,0,3,0,0,0,0,0,0,0,0,0,0,0,0,0,0,0,0
node_16284,-1,10,1,3,1,0,0,0,0,0,0,0,0,0,0,0,0,0,0,0,0,0,0
node_16288,-1,10,0,0,0,8,0,0,0,0,0,0,0,0,0,0,0,0,0,0,0,0,1
node_16297,-1,10,0,0,0,5,0,0,0,0,0,0,0,0,0,0,0,0,0,0,0,0,0
node_16301,-1,10,0,0,0,10,0,0,0,0,0,0,0,0,0,0,0,0,0,0,0,0,0
node_16314,-1,10,9,0,0,0,0,0,0,0,0,0,0,0,0,0,0,0,0,0,0,0,0
node_16322,-1,10,4,0,0,0,0,0,0,0,0,0,0,0,0,0,0,0,0,0,0,0,0
node_16325,-1,10,30,0,2,0,0,0,0,0,0,0,0,0,0,1,0,0,0,0,0,0,1
node_16358,-1,10,7,0,0,0,0,0,0,0,0,0,0,0,0,0,0,0,0,0,0,0,0
node_1636,-1,10,44,0,0,0,1,0,0,0,0,0,0,0,0,1,0,0,0,0,0,0,1
node_16364,-1,10,8,0,0,0,0,0,0,0,0,0,0,0,0,0,0,0,0,0,0,0,0
node_16372,-1,10,10,0,0,0,0,0,0,0,0,0,0,0,0,0,0,0,0,0,0,0,0
node_16381,-1,10,3,0,0,0,0,0,0,0,0,0,0,0,0,0,0,0,0,0,0,0,0
node_16391,-1,10,0,27,2,0,8,0,5,0,0,0,0,0,0,0,0,0,1,1,0,0,0
node_16434,-1,10,3,0,5,0,0,0,0,1,0,1,0,0,0,0,0,0,0,0,0,0,6
node_16449,-1,10,0,0,1,0,0,0,1,1,0,0,0,0,0,0,0,0,0,0,0,0,0
node_16452,-1,10,0,7,0,0,0,9,0,1,0,0,0,0,0,0,0,0,0,0,0,0,0
node_16468,-1,10,0,23,0,0,0,18,0,0,0,0,0,0,0,0,0,0,0,0,0,0,3
node_16513,-1,10,1,0,0,0,3,2,0,0,0,0,0,0,0,0,0,0,0,0,0,0,0
node_16519,-1,10,0,2,0,0,0,0,0,0,0,0,0,0,0,0,0,0,0,0,0,0,0
node_16524,-1,10,2,1,0,1,0,2,0,2,0,0,0,0,0,0,0,0,0,0,0,0,0
node_16531,-1,10,0,6,0,0,0,0,0,0,0,0,0,0,0,0,0,0,0,0,0,0,0
node_16537,-1,10,0,3,0,7,0,1,0,0,0,0,0,0,0,0,0,0,0,0,0,0,0
node_16547,-1,10,1,0,0,2,0,0,0,0,0,0,0,0,0,0,0,0,0,0,0,0,0
node_16552,-1,10,4,10,0,0,3,6,1,0,1,0,0,0,0,4,0,0,0,1,0,2,6
node_16589,-1,10,19,39,0,2,42,1,0,0,0,0,0,0,0,0,0,0,0,0,0,1,11
node_16703,-1,10,0,40,0,1,3,0,0,1,0,1,0,0,0,0,0,0,1,0,0,1,2
node_16753,-1,10,2,1,0,3,3,5,20,22,0,0,0,0,0,0,0,1,0,0,0,0,3
node_16812,-1,10,0,4,0,0,0,0,0,0,0,0,0,0,0,0,0,0,0,0,0,0,1
node_16820,-1,10,54,0,0,0,30,0,0,0,0,0,0,0,0,0,0,0,0,0,0,0,2
node_1683,-1,10,28,0,0,0,0,0,0,0,0,0,0,0,0,0,0,0,0,0,0,0,1
node_16905,-1,10,1,1,0,0,11,0,0,0,0,0,0,0,0,0,0,0,0,0,0,0,0
node_16917,-1,10,1,1,0,0,6,1,0,3,0,0,0,0,0,0,0,0,0,0,0,0,0
node_16933,-1,10,19,13,2,0,0,3,0,0,0,0,0,0,0,0,0,0,0,0,0,0,1
node_16970,-1,10,0,48,0,4,0,2,0,0,0,0,0,0,0,0,0,0,0,0,0,0,0
node_17023,-1,10,0,0,0,5,0,0,0,0,0,0,0,0,0,0,0,0,0,0,0,0,0
node_17027,-1,10,0,0,0,5,0,0,0,0,0,0,0,0,0,0,0,0,0,0,0,0,1
node_17034,-1,10,19,8,0,0,7,0,4,5,0,1,0,0,0,0,0,0,0,0,0,0,0
node_17077,-1,10,4,0,0,0,0,0,1,0,0,0,0,0,0,0,0,0,0,0,0,0,0
node_17081,-1,10,9,0,0,0,0,0,0,0,0,0,0,0,0,0,0,0,0,0,0,0,0
node_17093,-1,10,1,0,0,0,2,0,0,0,0,0,0,0,0,0,0,0,0,0,0,0,0
node_17095,-1,10,93,0,0,0,0,0,0,0,0,0,0,0,0,0,0,0,0,0,0,0,0
node_1711,-1,10,33,0,0,0,0,0,0,0,0,0,0,0,0,0,0,0,1,0,0,0,0
node_17187,-1,10,0,0,0,0,2,0,0,0,0,0,0,0,0,0,0,0,0,0,0,0,0
node_17188,-1,10,0,0,2,0,0,0,0,0,0,0,0,0,0,0,0,0,0,0,0,0,0
node_17191,-1,10,50,22,0,1,42,2,8,6,0,0,0,0,0,1,0,0,0,1,0,0,16
node_17339,-1,10,0,0,0,1,0,0,0,0,0,0,0,0,0,0,0,0,0,0,0,0,8
node_17348,-1,10,2,0,0,0,0,0,0,0,0,0,0,0,0,0,0,0,0,0,0,0,0
node_17349,-1,10,0,2,0,0,0,0,0,0,0,0,0,0,0,0,0,0,0,0,0,0,0
node_17354,-1,10,118,0,0,0,0,0,0,0,0,0,0,0,0,0,0,0,0,0,0,0,0
node_1744,-1,10,2,1,0,0,1,0,0,0,0,0,0,0,0,0,0,0,0,0,0,0,0
node_17471,-1,10,8,1,0,0,1,0,0,0,0,0,0,0,0,0,0,0,0,0,0,0,0
node_17481,-1,10,78,0,0,0,0,0,0,0,0,0,0,0,0,0,0,0,0,0,0,0,1
node_1749,-1,10,6,0,2,0,0,0,0,0,0,0,0,0,0,0,0,0,0,0,0,0,0
node_17559,-1,10,15,0,0,0,0,0,0,0,0,0,0,0,0,0,0,0,0,0,0,0,0
node_1756,-1,10,3,0,0,0,0,0,0,0,0,0,0,0,0,0,0,0,0,0,0,0,0
node_17575,-1,10,288,0,0,0,0,0,0,0,0,0,0,0,0,0,0,0,0,0,0,0,0
node_1759,-1,10,13,0,0,0,0,0,0,0,0,0,0,0,0,0,0,0,0,0,0,0,0
node_1771,-1,10,4,0,0,0,0,0,0,0,0,1,0,0,0,0,0,0,0,0,0,0,2
node_1782,-1,10,12,0,0,0,2,0,0,1,0,0,0,0,0,0,0,0,0,0,0,0,2
node_17862,-1,10,35,0,0,0,0,0,0,0,0,0,0,0,0,0,0,0,0,0,0,0,0
node_17897,-1,10,7,0,0,0,0,0,0,0,0,0,0,0,0,0,0,0,0,0,0,0,0
node_17903,-1,10,1,0,0,1,0,0,0,0,0,0,0,0,0,0,0,0,0,0,0,0,0
node_17908,-1,10,10,0,0,0,0,0,0,0,0,0,0,0,0,0,0,0,0,0,0,0,0
node_17917,-1,10,0,0,0,0,3,0,0,0,0,0,0,0,0,0,0,0,0,0,0,0,0
node_17919,-1,10,40,0,0,0,1,0,0,0,0,0,0,0,0,0,0,0,0,0,0,0,0
node_17960,-1,10,100,0,0,0,0,0,0,0,0,0,0,0,0,0,0,0,0,0,0,0,0
node_1798,-1,10,1,0,1,0,0,0,0,0,0,0,0,0,0,0,0,0,0,0,0,0,0
node_1799,-1,10,28,1,0,0,2,0,1,0,0,1,0,0,0,1,0,0,0,0,0,0,2
node_18059,-1,10,7,0,0,0,0,0,0,0,0,0,0,0,0,0,0,0,0,0,0,0,0
node_18065,-1,10,0,0,3,0,0,0,0,0,0,0,0,0,0,0,0,0,0,0,0,0,2
node_18075,-1,10,0,3,0,0,2,0,0,0,0,0,0,0,0,0,0,0,0,0,0,0,0
node_18079,-1,10,22,0,0,0,0,0,0,0,0,0,0,0,0,0,0,0,0,0,0,0,0
node_18100,-1,10,3,0,0,0,1,0,0,0,0,0,0,0,0,0,0,0,0,0,0,0,2
node_18106,-1,10,1,0,0,0,0,1,0,0,0,0,0,0,0,0,0,0,0,0,0,0,0
node_18110,-1,10,0,0,0,0,3,0,0,0,0,0,0,0,0,0,0,0,0,0,0,0,0
node_18112,-1,10,0,0,0,0,5,0,0,0,0,0,0,0,0,0,0,0,0,0,0,0,0
node_18116,-1,10,0,0,0,0,2,0,0,0,0,0,0,0,0,0,0,0,0,0,0,0,0
node_18118,-1,10,2,0,0,0,1,0,0,0,0,0,0,0,0,0,0,0,0,0,0,0,1
node_18121,-1,10,2,0,0,0,0,0,0,0,0,0,0,0,0,0,0,0,0,0,0,0,0
node_18125,-1,10,30,1,0,0,0,0,0,0,0,0,0,0,0,0,0,0,0,0,0,0,0
node_18155,-1,10,3,0,0,0,0,0,0,0,0,0,0,0,0,0,0,0,0,0,0,0,0
node_18161,-1,10,1,0,2,0,0,0,0,0,0,0,0,0,0,0,0,0,0,0,0,0,0
node_18163,-1,10,2,0,0,0,0,0,0,0,0,0,0,0,0,0,0,0,0,0,0,0,0
node_18164,-1,10,2,0,0,2,0,0,0,0,0,0,0,0,0,0,0,0,0,0,0,0,0
node_18170,-1,10,4,0,24,0,0,0,0,0,0,0,0,0,0,0,0,0,0,0,0,0,0
node_18197,-1,10,1,0,4,0,0,0,0,0,0,0,0,0,0,0,0,0,0,0,0,0,0
node_18201,-1,10,0,0,3,0,0,0,0,0,0,0,0,0,0,0,0,0,0,0,0,0,2
node_18208,-1,10,5,0,1,0,0,0,0,4,0,0,0,0,0,0,0,0,0,0,0,0,0
node_18217,-1,10,20,7,0,0,0,0,0,0,0,0,0,0,0,0,0,0,0,0,0,0,0
node_18244,-1,10,1,0,0,0,0,0,0,1,0,0,0,0,0,1,0,0,1,0,0,0,0
node_18247,-1,10,6,0,1,0,0,0,0,0,0,0,0,0,0,0,0,0,0,0,0,0,0
node_18255,-1,10,1,0,0,0,0,0,0,0,0,0,0,0,0,0,0,0,1,0,0,0,0
node_18257,-1,10,12,0,0,0,0,0,0,0,0,0,0,0,0,0,0,0,0,0,0,0,0
node_18268,-1,10,5,0,0,2,0,0,0,0,0,0,0,0,0,0,0,0,1,0,0,0,1
node_18286,-1,10,14,337,0,0,0,3,0,0,0,0,0,0,0,0,0,0,0,0,0,0,0
node_1834,-1,10,51,1,40,0,5,0,2,1,0,5,0,0,0,0,0,1,0,0,0,0,6
node_18639,-1,10,1,112,0,0,0,0,0,0,0,0,0,0,0,0,0,0,0,1,0,0,1
node_18753,-1,10,12,10,0,0,0,0,0,0,0,0,0,0,0,0,0,0,0,0,0,0,0
node_18774,-1,10,0,25,0,0,0,0,0,0,0,0,0,0,0,0,0,0,0,0,0,0,0
node_18798,-1,10,0,63,0,1,0,0,0,0,0,0,0,0,0,0,0,0,0,0,0,0,0
node_18864,-1,10,1,3,0,0,0,0,0,0,0,0,0,0,0,0,0,0,0,0,0,0,0
node_18867,-1,10,5,0,0,0,0,0,0,0,0,0,0,0,0,0,0,0,0,0,0,0,0
node_18871,-1,10,9,3,0,0,0,0,0,0,0,0,0,0,0,0,0,0,0,0,0,0,0
node_18882,-1,10,4,5,0,0,0,1,0,0,0,0,0,0,0,0,0,0,0,0,0,0,0
node_18894,-1,10,0,17,0,0,0,3,0,0,0,0,0,0,0,0,0,0,0,0,0,1,0
node_18914,-1,10,0,0,0,0,1,0,0,0,25,0,0,0,0,0,0,0,0,1,0,0,2
node_18946,-1,10,1,120,0,2,2,8,0,0,20,1,0,0,0,2,0,0,10,5,0,0,25
node_19141,-1,10,0,2,0,0,1,0,0,0,0,0,0,0,0,0,0,0,0,0,0,0,0
node_19143,-1,10,0,35,0,2,0,11,0,0,0,0,0,1,3,0,1,0,1,0,0,0,4
node_19201,-1,10,0,210,0,0,0,0,0,0,0,0,0,0,0,0,0,0,0,0,0,0,0
node_19410,-1,10,1,3,0,15,0,0,0,0,0,0,0,0,0,0,0,0,0,0,0,0,2
node_19430,-1,10,1,21,0,0,0,0,0,0,0,0,0,0,0,0,0,0,0,0,0,0,0
node_19453,-1,10,5,522,4,15,1,10,0,0,44,0,7,0,1,0,5,0,0,7,3,0,8
node_1947,-1,10,39,1,1,1,3,0,0,0,0,0,0,0,0,0,0,0,0,0,0,0,6
node_1997,-1,10,34,3,19,2,0,0,0,1,0,1,0,0,0,0,0,0,0,0,0,0,1
node_20084,-1,10,0,41,0,3,0,1,0,0,0,0,0,0,0,0,0,0,0,0,0,0,0
node_20128,-1,10,0,2,0,0,0,0,0,0,0,0,0,0,0,0,0,0,0,0,0,0,0
node_20134,-1,10,0,2,0,518,0,0,0,0,0,0,0,0,10,0,0,0,0,0,3,1,3
node_2060,-1,10,4,0,2,0,0,0,0,0,0,0,0,0,0,0,0,0,0,0,0,0,0
node_2065,-1,10,5,0,0,0,0,0,0,0,0,0,0,0,0,0,0,0,0,0,0,0,0
node_20670,-1,10,0,0,0,196,0,0,0,0,0,0,0,0,0,0,0,0,0,0,0,0,0
node_2069,-1,10,9,0,4,0,0,0,0,0,0,0,0,0,0,0,0,0,0,0,0,0,0
node_2081,-1,10,12,0,0,0,0,0,0,0,0,0,0,0,0,0,0,0,0,0,0,0,0
node_20865,-1,10,2,0,0,449,1,0,0,0,0,0,0,0,29,0,0,0,0,0,3,4,6
node_2100,-1,10,11,0,3,0,0,0,0,0,0,0,0,0,0,0,0,0,0,0,0,0,0
node_2113,-1,10,1,0,1,0,0,0,0,0,0,0,0,0,0,0,0,0,0,0,0,0,0
node_2114,-1,10,0,0,33,0,0,0,0,0,0,0,0,0,0,0,0,0,0,0,0,0,0
node_21360,-1,10,0,0,0,67,0,0,0,0,0,0,0,0,0,0,0,0,0,0,0,0,0
node_21426,-1,10,0,0,0,65,0,0,0,0,0,0,0,0,0,0,0,0,0,0,0,0,0
node_2148,-1,10,1,0,13,0,0,0,0,0,0,0,0,0,0,0,0,0,0,0,0,0,0
node_21490,-1,10,3,1,0,919,0,0,1,0,0,0,0,0,1,0,0,0,1,0,0,2,5
node_2161,-1,10,0,0,2,0,0,0,0,0,0,0,0,0,0,0,0,0,0,0,0,0,0
node_2162,-1,10,0,0,3,0,0,0,0,0,0,0,0,0,0,0,0,0,0,0,0,0,0
node_2168,-1,10,34,0,3,0,0,0,0,0,0,0,0,0,0,0,0,0,0,0,0,0,0
node_2204,-1,10,2,0,8,0,1,0,0,0,0,1,0,1,0,0,0,1,0,0,0,0,1
node_2218,-1,10,9,0,0,0,0,0,0,0,0,0,0,0,0,1,0,0,0,0,0,0,0
node_2229,-1,10,2,0,0,0,0,0,0,0,0,0,0,0,0,0,0,0,0,0,0,0,0
node_2231,-1,10,3,0,0,0,0,0,0,0,0,0,0,0,0,0,0,0,0,0,0,0,0
node_2233,-1,10,3,0,0,0,0,0,0,0,0,0,0,0,0,0,0,0,0,0,0,0,0
node_2237,-1,10,66,0,0,0,0,0,0,0,0,0,0,0,0,0,0,0,0,0,0,0,0
node_22422,-1,10,0,6,0,17,1,1,0,0,0,0,0,0,0,1,0,0,0,0,0,0,2
node_22451,-1,10,2,54,1,1,1,0,0,0,0,0,0,0,0,0,0,0,0,1,0,1,4
node_22515,-1,10,0,5,0,1,0,0,0,0,0,0,0,0,0,0,0,0,0,0,4,0,4
node_22529,-1,10,0,143,1,0,0,0,0,0,0,0,0,0,0,0,0,0,0,0,0,0,0
node_22672,-1,10,0,6,0,0,0,0,0,0,0,0,0,0,0,0,0,0,0,0,0,0,0
node_22681,-1,10,0,1,0,4,0,0,0,0,0,0,0,0,0,0,0,0,0,0,0,0,0
node_22685,-1,10,0,2,0,0,0,0,0,0,0,0,0,0,0,0,0,0,0,0,0,0,1
node_22688,-1,10,1,9,0,0,0,0,0,0,0,0,0,0,0,0,0,0,0,0,0,0,0
node_22697,-1,10,0,18,0,0,0,1,0,0,0,0,0,0,0,0,0,0,0,1,0,0,1
node_22720,-1,10,1,38,0,19,0,4,0,0,1,0,0,0,0,0,0,0,0,0,3,0,2
node_22787,-1,10,2,9,0,0,0,0,0,0,0,0,1,0,0,0,0,0,0,0,0,0,1
node_22799,-1,10,2,7,0,6,0,0,0,0,0,0,0,0,0,0,0,0,0,0,0,0,0
node_22814,-1,10,0,21,0,0,1,2,0,0,0,0,4,0,2,0,0,0,0,1,0,1,1
node_22846,-1,10,5,8,0,0,0,0,0,0,0,0,0,0,0,0,0,0,0,0,0,0,0
node_22862,-1,10,1,2,1,58,0,1,0,0,1,0,0,0,1,0,0,0,0,0,1,1,5
node_229,-1,10,2,1,0,0,9,0,2,1,0,13,0,2,0,0,0,5,0,0,0,0,6
node_22933,-1,10,6,28,3,4,1,1,0,0,1,0,0,0,1,0,0,0,0,1,0,1,26
node_23006,-1,10,4,12,0,0,0,1,0,0,0,0,0,0,0,0,0,0,0,0,0,0,0
node_2302,-1,10,6,0,0,0,0,0,0,0,0,0,0,0,0,0,0,0,0,0,0,0,0
node_23022,-1,10,0,1,0,0,0,0,0,1,0,0,0,0,0,0,0,0,0,0,0,0,0
node_23024,-1,10,61,18,7,31,21,3,2,2,7,2,0,0,0,0,0,1,1,2,1,0,9
node_2307,-1,10,23,0,0,0,0,0,0,0,0,0,0,0,0,0,0,0,0,0,0,0,2
node_23191,-1,10,3,6,0,1,3,2,1,12,0,2,0,0,0,2,0,0,0,1,1,1,8
node_23235,-1,10,8,1,0,0,8,0,0,0,0,0,0,0,0,0,0,0,0,0,0,0,0
node_23251,-1,10,6,1,0,0,0,0,0,0,0,0,0,0,0,0,0,0,0,0,0,0,0
node_23258,-1,10,8,3,0,0,0,1,0,0,0,0,0,0,0,0,0,0,0,0,0,0,0
node_23275,-1,10,0,46,1,0,0,0,0,0,0,0,0,0,0,0,0,0,0,0,0,0,0
node_23321,-1,10,4,1,0,0,1,0,0,0,0,0,0,0,0,0,0,0,0,0,0,0,0
node_23327,-1,10,0,21,0,0,0,0,0,0,0,2,0,0,0,0,0,0,0,0,0,0,0
node_23349,-1,10,0,51,0,0,0,0,0,0,0,0,0,0,0,0,0,0,0,0,0,0,0
node_2336,-1,10,156,2,2,0,0,0,0,0,0,0,0,0,0,0,0,0,0,0,0,0,1
node_23401,-1,10,26,0,0,0,0,0,0,0,0,0,0,0,0,0,0,0,0,0,0,0,0
node_23426,-1,10,0,1,0,0,0,0,1,0,0,0,0,0,0,0,0,0,0,0,0,0,0
node_23430,-1,10,0,5,0,0,0,0,0,0,0,0,0,0,0,0,0,0,0,0,0,0,0
node_23434,-1,10,5,10,0,0,0,0,0,0,0,0,0,0,0,0,0,0,0,0,0,0,0
node_23448,-1,10,0,11,0,0,0,0,0,0,0,0,0,0,0,0,0,0,0,0,0,0,0
node_23460,-1,10,0,36,0,0,0,0,0,0,0,0,0,0,0,0,0,0,0,0,0,0,0
node_23495,-1,10,2,5,0,0,0,0,0,0,0,0,0,0,0,0,0,0,0,0,0,0,0
node_23501,-1,10,0,3,0,1,0,0,0,0,0,0,0,0,0,0,0,0,0,0,0,0,0
node_23510,-1,10,0,27,0,0,0,0,0,0,0,0,0,0,0,0,0,0,0,0,0,0,0
node_23536,-1,10,0,60,0,0,0,0,0,0,0,0,0,0,0,0,0,0,0,0,0,0,0
node_23595,-1,10,1,71,0,0,0,0,0,0,0,0,1,0,0,0,0,0,0,0,0,0,0
node_23667,-1,10,0,60,0,6,0,0,0,0,0,0,2,0,0,0,5,0,0,0,0,0,0
node_23739,-1,10,1,3,0,0,0,0,0,0,0,0,0,0,0,0,0,0,0,0,0,0,0
node_23743,-1,10,0,4,0,0,0,0,0,0,0,0,0,0,0,0,0,0,0,0,0,0,0
node_23746,-1,10,1,3,0,0,0,0,0,0,0,0,0,0,0,0,0,0,0,0,0,0,0
node_23750,-1,10,0,21,0,31,0,0,0,0,0,0,0,0,0,0,0,0,0,0,0,0,0
node_23801,-1,10,0,0,0,94,0,0,0,0,0,0,0,0,0,0,0,0,0,0,0,0,0
node_23900,-1,10,5,27,0,264,0,1,0,0,0,0,2,0,6,0,1,0,0,0,1,0,6
node_24212,-1,10,1,0,0,17,0,0,0,0,0,0,0,0,0,0,0,0,0,0,1,0,0
node_24231,-1,10,1,5,0,100,0,0,1,0,0,0,0,0,0,0,0,0,0,0,0,1,4
node_24342,-1,10,0,1,0,2,0,0,0,0,0,0,0,0,0,0,0,0,0,0,0,0,0
node_24345,-1,10,1,0,0,0,0,0,0,0,0,0,0,0,0,0,0,0,0,0,0,0,1
node_24346,-1,10,6,8,0,0,0,0,0,0,0,0,0,0,0,0,0,0,0,0,0,0,0
node_24362,-1,10,3,180,8,2,0,13,0,0,5,0,10,0,1,0,34,0,0,2,0,0,4
node_24623,-1,10,1,6,0,16,0,1,0,0,0,0,0,0,0,1,1,0,0,0,0,0,0
node_24648,-1,10,0,6,0,5,0,1,0,0,0,0,0,0,0,0,0,0,0,0,0,0,3
node_24662,-1,10,1,314,0,0,0,0,0,0,0,0,0,0,0,0,0,0,0,0,0,0,0
node_2496,-1,10,8,0,0,0,0,0,0,0,0,0,0,0,0,0,0,0,0,0,0,0,0
node_24979,-1,10,4,34,0,0,0,12,0,0,0,0,14,0,0,0,0,0,0,0,0,0,3
node_2503,-1,10,15,0,12,0,0,0,0,0,0,0,0,0,0,0,0,0,0,0,0,0,0
node_25045,-1,10,0,7,0,0,0,0,0,0,0,0,0,0,0,0,0,0,0,0,0,0,0
node_25051,-1,10,1,0,0,1,2,0,0,0,0,0,0,0,0,0,0,0,0,0,0,0,1
node_25056,-1,10,0,10,0,7,0,0,0,0,1,0,0,0,1,8,0,0,5,0,0,0,2
node_25089,-1,10,0,3,0,0,1,0,0,0,0,0,0,0,0,0,0,0,0,0,0,0,1
node_25097,-1,10,17,2,0,0,0,0,0,0,0,0,0,0,0,0,0,0,0,0,0,0,0
node_25115,-1,10,0,2,0,0,1,0,0,0,0,0,0,0,0,0,0,0,0,0,0,0,0
node_25118,-1,10,2,267,1,40,6,23,0,0,1,0,29,0,6,2,0,0,1,0,0,4,15
node_2533,-1,10,21,0,42,0,0,1,0,0,0,0,0,0,0,0,0,0,0,0,0,0,0
node_25514,-1,10,2,10,0,0,2,0,0,0,0,0,0,0,0,0,0,0,1,0,0,0,0
node_25529,-1,10,6,0,7,0,0,0,0,1,1,0,0,0,0,1,0,0,0,0,0,0,1
node_25545,-1,10,0,1,2,0,0,2,0,0,4,0,0,0,0,0,0,0,0,0,0,0,0
node_25556,-1,10,57,6,0,4,0,0,0,0,0,0,0,0,0,0,0,0,0,0,0,0,1
node_25623,-1,10,3,6,1,0,0,0,0,0,0,0,0,0,0,0,0,0,0,0,0,0,0
node_25632,-1,10,4,0,2,1,0,0,0,0,0,0,0,0,0,0,0,0,0,0,0,0,3
node_25642,-1,10,9,0,0,0,0,0,0,0,0,0,0,0,0,0,0,0,0,0,0,0,0
node_25650,-1,10,1,0,0,0,0,1,1,0,0,0,0,0,0,0,0,0,0,0,0,0,0
node_25658,-1,10,0,57,0,0,0,0,0,0,0,0,0,0,0,0,0,0,0,0,0,0,0
node_25714,-1,10,0,8,0,0,0,0,0,0,0,0,0,0,0,0,0,0,0,0,0,0,0
node_25721,-1,10,0,2,0,0,0,0,0,0,0,0,0,0,0,0,0,0,0,0,0,0,0
node_25723,-1,10,0,10,0,0,0,0,0,0,0,0,0,0,0,0,0,0,0,0,0,0,0
node_25732,-1,10,0,112,0,0,0,0,0,0,0,0,0,0,0,0,0,0,0,0,0,0,0
node_25845,-1,10,0,2,0,0,0,0,0,0,0,0,0,0,0,0,0,0,0,0,0,0,0
node_25846,-1,10,0,5,0,0,0,0,0,0,0,0,0,0,0,0,0,0,0,0,0,0,0
node_25850,-1,10,0,2,0,0,0,0,0,0,0,0,0,0,0,0,0,0,0,0,0,0,0
node_25854,-1,10,1,223,0,0,0,0,0,0,0,0,0,0,0,0,0,0,0,0,0,0,2
node_2596,-1,10,8,0,1,0,1,0,0,0,0,0,0,0,0,0,0,0,0,0,0,0,0
node_2605,-1,10,27,0,0,0,0,0,0,0,0,0,0,0,0,0,0,0,0,0,0,0,0
node_26079,-1,10,0,6,0,0,0,0,0,0,0,0,0,0,0,0,0,0,0,0,0,0,0
node_26084,-1,10,0,42,30,0,0,0,0,0,0,0,0,0,0,0,0,0,0,0,0,0,0
node_26156,-1,10,0,126,0,0,0,0,0,0,0,0,0,0,0,0,1,0,0,0,0,0,1
node_26283,-1,10,0,2,0,0,0,0,0,0,0,0,0,0,0,0,0,0,0,0,0,0,0
node_26290,-1,10,0,81,0,0,0,1,0,0,0,0,1,0,0,0,0,0,0,0,0,0,3
node_2631,-1,10,7,0,29,0,0,0,0,0,0,0,0,0,0,0,0,0,0,0,0,0,0
node_26375,-1,10,0,70,0,0,0,0,0,0,0,0,0,0,0,0,0,0,0,0,0,0,0
node_26444,-1,10,0,43,0,0,1,1,0,0,0,0,0,0,0,0,0,0,0,0,0,0,0
node_26489,-1,10,0,39,0,0,0,0,0,0,0,0,2,0,0,0,1,0,0,0,0,0,2
node_26532,-1,10,1,29,0,0,0,10,0,0,0,0,0,0,0,0,2,0,0,0,0,0,0
node_26573,-1,10,0,0,2,0,0,0,0,0,0,0,0,0,0,0,0,0,0,0,0,0,0
node_26576,-1,10,0,692,0,1,0,1,0,0,0,0,0,0,0,0,0,0,0,0,0,0,1
node_2667,-1,10,2,0,0,0,0,0,0,0,0,0,0,0,0,0,0,0,0,0,0,0,0
node_2668,-1,10,1,0,0,0,0,0,0,1,0,0,0,0,0,0,0,0,0,0,0,0,0
node_2672,-1,10,7,0,0,0,1,0,0,11,0,2,0,0,0,0,0,1,0,0,0,0,0
node_269,-1,10,1,28,0,0,0,1,0,0,1,4,0,0,2,0,0,2,0,0,0,0,3
node_2693,-1,10,122,0,24,0,0,0,0,0,0,0,0,0,0,0,0,0,0,0,0,0,1
node_27270,-1,10,3,77,0,0,0,1,0,0,0,0,0,0,0,0,0,0,0,0,0,0,0
node_27351,-1,10,18,75,1,0,0,0,0,0,0,0,2,0,0,0,0,0,0,0,0,0,0
node_27446,-1,10,0,8,7,0,0,0,0,0,0,0,0,0,0,0,0,0,0,0,0,0,1
node_27464,-1,10,0,41,0,0,0,0,0,0,0,0,0,0,0,0,0,0,0,0,0,0,0
node_27504,-1,10,0,1,0,0,0,0,0,0,0,0,0,0,0,0,0,0,0,0,0,0,1
node_27505,-1,10,0,380,0,0,0,0,0,0,0,0,0,0,0,0,0,0,0,0,0,0,0
node_27884,-1,10,0,226,0,0,0,0,0,0,0,0,0,0,0,0,0,0,0,0,0,0,0
node_28118,-1,10,105,2,0,0,1,0,0,0,0,0,0,0,0,0,0,1,0,0,0,0,2
node_28228,-1,10,2,0,1,0,0,0,0,0,0,0,0,0,0,0,0,0,0,0,0,0,0
node_28231,-1,10,56,15,7,2,3,1,0,2,0,2,0,0,0,1,0,0,0,0,0,0,12
node_28331,-1,10,18,0,0,0,0,0,0,0,0,0,0,0,0,0,0,0,0,0,0,0,0
node_28350,-1,10,1,1,2,0,0,0,1,0,0,0,0,0,0,0,0,0,0,0,0,0,3
node_28357,-1,10,1,0,0,0,0,0,0,0,0,0,0,0,0,1,0,1,0,0,0,0,0
node_28359,-1,10,3,5,22,0,8,1,0,0,0,0,0,0,0,0,0,0,0,0,0,0,5
node_2839,-1,10,0,1,28,0,0,0,0,0,0,0,0,0,0,0,0,0,0,0,0,0,0
node_28402,-1,10,790,0,0,0,0,0,0,0,0,0,0,0,0,0,0,0,0,0,0,0,2
node_2868,-1,10,10,1,4,0,0,0,0,0,0,0,0,0,0,0,0,0,0,0,0,0,0
node_2882,-1,10,418,0,0,0,0,0,0,0,0,0,0,0,0,0,0,0,0,0,0,0,1
node_29196,-1,10,2,0,0,0,0,0,0,0,0,0,0,0,0,0,0,0,0,0,0,0,0
node_29197,-1,10,2,0,0,0,0,0,0,0,0,0,0,0,0,0,0,0,0,0,0,0,0
node_29198,-1,10,35,0,11,0,2,0,1,0,0,1,0,0,0,0,0,0,0,0,0,0,3
node_29251,-1,10,4,0,0,0,1,0,0,1,0,0,0,1,0,0,0,0,0,0,0,0,1
node_29258,-1,10,3,8,7,0,0,2,13,0,0,3,0,12,0,0,0,5,0,0,0,0,12
node_29324,-1,10,0,0,0,1,0,0,0,0,0,0,0,0,0,0,0,0,0,0,0,0,3
node_29327,-1,10,1,0,0,0,0,0,0,0,0,0,0,0,0,0,0,0,0,0,0,0,2
node_29329,-1,10,1,3,0,0,0,0,0,0,0,0,0,0,0,0,0,0,0,0,0,0,0
node_29333,-1,10,1,0,1,0,0,0,0,0,0,0,0,0,0,0,0,0,0,0,0,0,0
node_29334,-1,10,1982,8,0,0,0,7,18,0,0,2,0,0,1,7,0,8,2,0,0,0,15
node_313,-1,10,0,5,0,1,0,0,0,0,0,0,0,0,0,0,0,0,0,0,0,0,0
node_31385,-1,10,0,84,0,0,0,2,0,0,2,0,2,0,0,0,0,0,0,0,0,0,2
node_31476,-1,10,0,35,0,0,3,0,0,0,0,0,0,0,0,0,0,0,0,0,0,0,0
node_31513,-1,10,0,0,22,0,0,0,0,0,0,0,0,0,0,0,0,0,0,0,0,0,0
node_319,-1,10,1,6,0,0,0,0,0,0,0,0,0,0,0,0,0,0,0,0,0,0,1
node_326,-1,10,0,4,0,0,0,0,0,0,0,0,0,0,0,0,0,0,0,0,0,0,1
node_3304,-1,10,311,4,75,1,33,0,0,7,0,0,0,0,0,0,0,1,1,0,0,0,8
node_331,-1,10,41,51,3,8,4,4,0,3,0,1,0,2,2,0,0,0,0,0,1,0,25
node_3744,-1,10,13,1,47,0,0,0,0,0,0,0,0,0,0,0,0,0,0,0,0,0,0
node_3804,-1,10,46,0,39,0,2,2,0,6,0,0,0,0,0,0,0,0,0,0,0,0,2
node_3901,-1,10,13,0,1202,0,14,0,0,0,0,3,0,0,0,0,0,0,0,0,0,0,6
node_475,-1,10,1,1,0,1,0,1,0,0,0,0,0,0,0,0,0,0,0,0,0,0,0
node_484,-1,10,1,2,0,0,0,0,0,0,0,0,0,0,0,0,0,0,0,0,0,0,0
node_486,-1,10,0,2,0,0,0,0,0,0,0,0,0,0,0,0,0,0,0,0,0,0,0
node_487,-1,10,1,17,0,0,0,9,0,0,0,0,0,0,0,0,0,0,0,0,0,0,0
node_513,-1,10,5,4,0,0,0,0,0,0,0,0,0,0,0,0,0,0,0,0,0,0,0
node_5138,-1,10,0,0,3,0,1,0,0,0,0,0,0,0,0,0,0,0,0,0,0,0,0
node_5144,-1,10,2,0,60,0,1,0,0,0,0,0,0,0,0,0,0,0,0,0,0,0,0
node_5206,-1,10,3,0,219,0,0,0,0,0,0,0,0,0,0,0,0,0,0,0,0,0,1
node_522,-1,10,0,43,0,0,0,1,0,0,0,0,2,0,0,0,0,0,0,0,0,0,0
node_5428,-1,10,6,0,43,0,0,0,0,0,0,0,0,0,0,0,0,0,0,0,0,0,1
node_5478,-1,10,1,0,20,0,0,0,0,0,0,0,0,0,0,1,0,0,0,0,0,0,0
node_5499,-1,10,19,0,9,0,0,0,0,0,0,1,0,0,0,0,0,1,0,0,0,0,0
node_5532,-1,10,0,0,114,0,0,0,0,0,0,0,0,0,0,0,0,0,0,0,0,0,0
node_56,-1,10,0,0,0,0,0,0,0,0,0,0,0,0,0,0,0,0,0,0,0,0,2
node_5645,-1,10,2,0,0,0,0,0,0,0,0,0,0,0,0,0,0,0,0,0,0,0,0
node_5646,-1,10,4,0,424,0,5,0,0,0,0,0,0,0,0,0,0,0,0,0,0,0,0
node_567,-1,10,0,157,0,1,1,16,0,0,0,0,0,0,0,0,0,0,1,0,0,0,3
node_57,-1,10,0,1,0,4,0,8,0,0,0,0,0,0,0,0,0,0,0,0,6,0,4
node_6081,-1,10,31,0,19,0,1,0,0,0,0,0,0,0,0,0,0,0,0,0,0,0,0
node_6131,-1,10,6,0,80,0,3,0,0,0,0,0,0,0,0,0,0,0,0,0,0,0,1
node_6220,-1,10,0,0,13,0,1,0,0,0,0,0,0,0,0,0,0,0,0,0,0,0,0
node_6233,-1,10,1,0,3,0,0,0,0,0,0,0,0,0,0,0,0,0,0,0,0,0,0
node_6240,-1,10,2,0,11,0,0,0,0,0,0,0,0,0,0,0,0,0,0,0,0,0,0
node_6252,-1,10,0,0,66,0,0,0,0,0,0,0,0,0,0,0,0,0,0,0,0,0,0
node_6318,-1,10,1,0,2,0,0,0,0,0,0,0,0,0,0,0,0,0,0,0,0,0,0
node_6320,-1,10,0,0,20,0,0,0,0,0,0,0,0,0,0,0,0,0,0,0,0,0,0
node_6340,-1,10,0,0,49,0,0,0,0,0,0,0,0,0,0,0,0,0,0,0,0,0,0
node_6388,-1,10,12,0,0,0,0,0,0,0,0,0,0,0,0,0,0,0,0,0,0,0,0
node_6400,-1,10,0,0,102,0,0,0,0,0,0,0,0,0,0,0,0,0,0,0,0,0,1
node_6502,-1,10,0,0,98,0,0,0,0,0,0,0,0,0,0,0,0,0,0,0,0,0,0
node_6602,-1,10,4,0,0,0,0,1,0,0,0,0,0,0,0,0,0,0,0,0,0,0,1
node_6607,-1,10,0,0,19,0,0,0,0,0,0,0,0,0,0,0,0,0,0,0,0,0,0
node_6627,-1,10,1,0,0,0,0,1,0,0,0,0,0,0,0,0,0,0,0,0,0,0,0
node_6628,-1,10,0,0,0,0,1,0,0,0,0,0,0,0,0,0,0,1,0,0,0,0,0
node_6633,-1,10,764,0,0,0,0,0,0,0,0,0,0,0,0,0,0,0,0,0,0,0,0
node_7396,-1,10,238,0,1,0,0,0,0,0,0,0,0,0,0,0,0,0,0,0,0,0,0
node_745,-1,10,1,26,2,0,0,1,0,1,1,0,0,0,0,0,0,1,0,0,0,0,4
node_7634,-1,10,98,0,1,0,0,0,0,0,0,0,0,0,0,0,0,0,0,0,0,0,0
node_7732,-1,10,2,0,0,0,1,0,0,0,0,0,0,0,0,0,0,0,0,0,0,0,0
node_7735,-1,10,5,0,0,0,0,0,0,0,0,0,0,0,0,0,0,0,0,0,0,0,0
node_7739,-1,10,2,0,1,0,0,0,0,0,0,0,0,0,0,0,0,0,0,0,0,0,0
node_7750,-1,10,1,0,0,0,2,0,0,0,0,0,0,0,0,0,0,0,0,0,0,0,0
node_7753,-1,10,9,0,0,0,0,0,0,0,0,0,0,0,0,0,0,0,0,0,0,0,0
node_7761,-1,10,3,0,0,0,0,0,0,0,0,0,0,0,0,0,0,0,0,0,0,0,0
node_7764,-1,10,4,0,0,0,0,0,0,0,0,0,0,0,0,0,0,0,0,0,0,0,0
node_7767,-1,10,1,0,0,0,0,0,0,0,0,0,0,0,0,0,0,0,0,0,0,0,1
node_7771,-1,10,4,0,0,0,0,0,0,0,0,0,0,0,0,0,0,0,0,0,0,0,0
node_7774,-1,10,1,0,2,0,0,0,0,0,0,0,0,0,0,0,0,0,0,0,0,0,0
node_7776,-1,10,18,1,0,0,0,0,0,0,0,0,0,0,0,0,0,0,0,0,0,0,0
node_7797,-1,10,6,0,0,0,0,0,0,0,0,0,0,0,0,0,0,0,0,0,0,0,1
node_7803,-1,10,7,0,0,0,0,0,0,0,0,0,0,0,0,0,0,0,0,0,0,0,0
node_7809,-1,10,4,0,0,0,0,0,0,0,0,0,0,0,0,0,0,0,0,0,0,0,0
node_7812,-1,10,4,20,1,2,0,0,0,0,0,0,0,0,0,0,0,0,0,0,0,0,1
node_783,-1,10,0,46,0,0,0,0,0,0,0,0,0,0,0,0,0,0,0,0,0,0,0
node_7843,-1,10,13,0,0,0,0,0,0,0,0,0,0,0,0,0,0,0,0,0,0,0,0
node_7855,-1,10,9,0,0,0,0,0,0,0,0,0,0,0,0,0,0,0,0,0,0,0,1
node_7864,-1,10,56,0,0,0,0,0,0,0,0,0,0,0,0,0,0,0,0,0,0,0,1
node_7921,-1,10,13,0,0,0,0,0,0,0,0,0,0,0,0,0,0,0,0,0,0,0,0
node_7933,-1,10,4,0,0,0,0,0,0,0,0,0,0,0,0,0,0,0,0,0,0,0,0
node_7940,-1,10,15,0,0,0,0,0,0,0,0,0,0,0,0,0,0,0,0,0,0,0,0
node_7954,-1,10,4,0,0,0,0,0,0,0,0,0,0,0,0,0,0,0,0,0,0,0,0
node_7957,-1,10,38,0,0,0,0,0,0,0,0,0,0,0,0,0,0,0,0,0,0,0,2
node_7996,-1,10,6,0,1,0,0,0,0,0,0,0,0,0,0,0,0,0,0,0,0,0,0
node_80,-1,10,0,58,0,2,4,2,0,0,0,0,0,0,0,0,0,0,0,0,0,0,1
node_8003,-1,10,14,0,0,0,0,0,0,0,0,0,0,0,0,0,0,0,0,0,0,0,0
node_8016,-1,10,21,0,0,0,0,0,0,0,0,0,0,0,0,0,0,0,0,0,0,0,1
node_8041,-1,10,365,0,0,0,0,0,0,0,0,0,0,0,0,0,0,0,0,0,0,0,1
node_828,-1,10,0,65,2,5,0,14,0,0,0,0,0,8,0,1,0,1,0,0,0,0,0
node_8406,-1,10,87,0,0,0,0,0,0,0,0,0,0,0,0,0,0,0,0,0,0,0,0
node_8492,-1,10,33,0,0,0,3,0,0,0,0,0,0,0,0,0,0,0,0,0,0,0,0
node_8528,-1,10,113,0,0,0,0,0,0,0,0,0,0,0,0,0,0,0,0,0,0,0,0
node_8640,-1,10,239,0,0,0,0,0,0,0,0,0,0,0,0,0,0,0,0,0,0,0,1
node_8882,-1,10,39,0,15,0,0,0,0,0,0,0,0,0,0,6,0,0,0,0,0,0,0
node_8941,-1,10,0,0,0,0,0,0,34,0,0,0,0,0,0,0,0,0,0,0,0,0,2
node_8976,-1,10,347,0,0,0,0,0,0,0,0,0,0,0,0,0,0,0,0,0,0,0,1
node_923,-1,10,1,3,0,0,0,0,0,0,0,0,0,0,0,0,0,0,0,0,0,0,1
node_930,-1,10,197,0,0,0,0,0,0,0,0,0,0,0,0,0,0,0,0,0,0,0,0
node_9325,-1,10,22,0,0,0,0,0,0,0,0,0,0,0,0,0,0,0,0,0,0,0,0
node_9346,-1,10,1,0,0,0,0,0,0,0,0,0,0,0,0,0,0,0,0,0,0,0,1
node_9347,-1,10,35,0,0,0,0,0,0,0,0,0,0,0,0,0,0,0,0,0,0,0,1
node_9386,-1,10,401,0,0,0,0,0,0,0,0,0,0,0,0,0,0,0,0,0,0,0,1
node_9787,-1,10,1,1,0,0,0,0,0,0,0,0,0,0,0,0,0,0,0,0,0,0,0
node_9789,-1,10,16,0,0,0,0,0,0,0,0,0,0,0,0,0,0,0,0,0,0,0,0
node_9806,-1,10,1401,0,0,0,0,0,0,0,0,0,0,0,0,7,0,0,0,0,0,0,1
